# m n wp wm wmn w(m+n) w(m-n)  [ext_sieve 1000-2500: wp>=4 AND wm>=5 AND wmn>=4]
1003 376 4 5 4 2 3
1004 767 4 5 4 3 2
1012 457 4 5 4 2 3
1013 754 4 5 4 3 2
1026 619 4 5 4 3 2
1027 376 4 5 4 2 3
1027 436 4 5 4 3 2
1031 602 4 5 4 2 3
1034 173 4 5 4 2 3
1036 137 4 5 4 3 2
1043 244 4 5 4 3 2
1047 724 4 5 4 3 2
1051 258 4 5 4 3 2
1063 286 4 5 4 2 3
1067 934 4 5 4 3 2
1069 366 4 5 4 3 2
1080 229 4 5 4 3 2
1101 628 4 5 4 3 2
1102 479 4 5 4 3 2
1108 583 4 5 4 2 3
1108 913 4 5 4 2 3
1109 438 4 5 4 3 2
1112 295 4 5 4 3 2
1118 359 4 5 4 2 3
1133 316 4 5 4 3 2
1135 526 4 5 4 2 3
1138 511 4 5 4 2 3
1144 241 4 5 4 2 3
1147 596 4 5 4 3 2
1149 622 4 5 4 3 2
1159 634 4 5 4 2 3
1163 946 4 5 4 3 2
1166 367 4 5 4 3 2
1166 449 4 5 4 3 2
1169 866 4 5 4 3 2
1174 217 4 5 4 2 3
1177 412 4 5 4 2 3
1177 958 4 5 4 3 2
1177 1072 4 5 4 2 3
1178 859 4 5 4 3 2
1179 178 4 5 4 2 3
1184 785 4 5 4 2 3
1186 171 4 5 4 2 3
1187 760 4 5 4 3 2
1189 1112 4 5 4 3 2
1192 451 4 5 4 2 3
1196 113 4 5 4 3 2
1198 153 4 5 4 2 3
1198 791 4 5 4 3 2
1198 869 4 5 4 3 2
1199 236 4 5 4 3 2
1201 350 4 5 4 3 2
1202 201 4 5 4 2 3
1204 677 4 5 4 3 2
1207 556 4 5 4 2 3
1208 559 4 5 4 3 2
1214 143 4 5 4 2 3
1219 1042 4 5 4 3 2
1223 506 4 5 4 3 2
1226 1111 4 5 4 3 2
1228 451 4 5 4 2 3
1231 890 4 5 4 3 2
1233 76 4 5 4 3 2
1238 649 4 5 4 3 2
1243 164 4 5 4 3 2
1247 304 4 5 4 3 2
1249 962 4 5 4 3 2
1255 56 4 5 4 3 2
1255 758 4 5 4 3 2
1256 493 4 5 4 3 2
1256 791 4 5 4 2 3
1258 271 4 5 4 2 3
1258 509 4 5 4 3 2
1258 821 4 5 4 3 2
1258 1129 4 5 4 3 2
1266 967 4 5 4 3 2
1270 479 4 5 4 3 2
1271 458 4 5 4 3 2
1271 1138 4 5 4 3 2
1273 206 4 5 4 3 2
1273 454 4 5 4 2 3
1276 67 4 5 4 2 3
1276 373 4 5 4 2 3
1276 947 4 5 4 3 2
1277 1012 4 5 4 3 2
1282 209 4 5 4 3 2
1292 599 4 5 4 2 3
1294 477 4 5 4 3 2
1294 535 4 5 4 2 3
1306 437 4 5 4 3 2
1313 136 4 5 4 3 2
1316 419 4 5 4 2 3
1322 581 4 5 4 2 3
1324 671 4 5 4 4 1
1330 617 4 5 5 3 2
1333 346 4 5 4 2 3
1333 436 4 5 4 2 3
1334 53 4 5 4 2 3
1334 157 4 5 4 3 2
1336 533 4 5 4 3 2
1337 848 4 5 4 3 2
1339 118 4 5 4 2 3
1339 1004 4 5 4 3 2
1342 919 4 5 4 3 2
1343 526 4 5 4 3 2
1343 566 4 5 4 2 3
1346 667 4 5 4 3 2
1347 424 4 5 4 3 2
1349 296 4 5 4 3 2
1349 1082 4 5 4 3 2
1351 1256 4 5 4 3 2
1355 158 4 5 4 2 3
1357 664 4 5 4 2 3
1359 358 4 5 4 2 3
1363 692 4 5 4 3 2
1363 926 4 5 4 3 2
1364 463 4 5 4 3 2
1364 547 4 5 4 3 2
1364 883 4 5 4 3 2
1372 745 4 5 4 2 3
1373 574 4 5 4 3 2
1378 239 4 5 4 3 2
1378 389 4 5 4 3 2
1379 508 4 5 4 3 2
1379 712 4 5 4 3 2
1382 711 4 5 4 3 2
1383 878 4 5 4 3 2
1391 478 4 5 4 3 2
1393 1016 4 5 4 3 2
1394 113 4 5 4 2 3
1397 694 4 5 4 3 2
1399 456 4 5 4 3 2
1399 902 4 5 4 3 2
1399 1054 4 5 4 2 3
1403 886 4 5 4 3 2
1406 167 4 5 4 2 3
1411 1096 4 5 4 2 3
1412 931 4 5 4 3 2
1419 614 4 5 5 2 3
1420 1259 4 5 4 3 2
1421 992 4 5 4 2 3
1426 9 4 5 4 3 2
1426 733 4 5 4 2 3
1426 1283 4 5 4 3 2
1427 154 4 5 4 3 2
1433 1246 4 5 4 3 2
1434 997 4 5 4 3 2
1436 217 4 5 4 3 2
1438 793 4 5 4 2 3
1441 356 4 5 4 2 3
1442 473 4 5 5 2 3
1442 571 4 5 4 3 2
1444 943 4 5 4 3 2
1445 172 4 5 4 3 2
1446 1193 4 5 4 3 2
1454 637 4 5 4 3 2
1456 653 4 5 4 3 2
1460 773 4 5 4 3 2
1462 331 4 5 4 2 3
1462 407 4 5 5 3 2
1462 659 4 5 4 3 2
1465 904 4 5 4 2 3
1468 187 4 5 4 2 3
1468 261 4 5 4 3 2
1472 119 4 5 4 2 3
1472 583 4 5 4 3 2
1474 73 4 5 4 3 2
1477 1262 4 5 4 3 2
1478 799 4 5 4 3 2
1478 851 4 5 4 2 3
1478 1007 4 5 4 3 2
1478 1177 4 5 4 3 2
1483 1054 4 5 4 2 3
1486 1099 4 5 4 3 2
1489 282 4 5 4 3 2
1492 799 4 5 4 2 3
1498 145 4 5 5 2 3
1501 592 4 5 4 3 2
1501 1018 4 5 4 2 3
1507 656 4 5 4 3 2
1507 1438 4 5 4 3 2
1509 1208 4 5 4 3 2
1511 1258 4 5 4 3 2
1513 118 4 5 4 2 3
1513 764 4 5 4 3 2
1513 1184 4 5 4 3 2
1516 339 4 5 4 3 2
1516 623 4 5 4 3 2
1517 188 4 5 4 3 2
1517 254 4 5 4 3 2
1520 1217 4 5 4 3 2
1522 1243 4 5 4 3 2
1523 874 4 5 4 3 2
1528 485 4 5 4 3 2
1529 664 4 5 4 3 2
1529 1256 4 5 4 2 3
1531 310 4 5 4 2 3
1532 791 4 5 4 2 3
1535 632 4 5 4 2 3
1537 74 4 5 4 2 3
1537 1082 4 5 4 2 3
1538 1199 4 5 4 3 2
1541 568 4 5 4 3 2
1541 1044 4 5 5 3 2
1541 1112 4 5 4 2 3
1543 186 4 5 4 3 2
1544 403 4 5 4 3 2
1544 413 4 5 4 2 3
1544 899 4 5 4 2 3
1546 1007 4 5 4 3 2
1546 1513 4 5 4 3 2
1547 106 4 5 5 3 2
1552 649 4 5 4 2 3
1555 274 4 5 4 2 3
1555 818 4 5 4 3 2
1556 1073 5 5 4 2 3
1558 653 4 5 4 3 2
1558 821 4 5 4 3 2
1558 1151 4 5 4 3 2
1562 251 4 5 4 2 3
1562 899 4 5 5 2 3
1562 1079 4 5 5 2 3
1564 669 4 5 5 3 2
1567 204 4 5 4 3 2
1567 940 4 5 4 2 3
1574 923 4 5 4 2 3
1577 458 4 5 4 3 2
1577 656 4 5 4 3 2
1577 854 4 5 5 3 2
1577 1174 4 5 4 3 2
1577 1346 4 5 4 2 3
1579 308 4 5 4 3 2
1579 836 4 5 4 4 1
1580 191 4 5 4 3 2
1586 67 4 5 4 3 2
1586 1187 4 5 4 2 3
1588 55 4 5 4 2 3
1589 478 4 5 4 3 2
1591 40 4 5 4 2 3
1591 242 4 5 4 3 2
1591 584 4 5 4 3 2
1591 982 4 5 4 2 3
1591 1286 4 5 4 3 2
1591 1468 4 5 4 3 2
1593 136 4 5 4 3 2
1594 1143 4 5 4 3 2
1598 79 4 5 4 3 2
1598 131 4 5 4 3 2
1598 1559 4 5 4 3 2
1600 1403 4 5 4 4 1
1603 292 4 5 4 2 3
1603 734 5 5 4 3 2
1604 473 4 5 4 2 3
1604 1357 4 5 4 3 2
1607 434 4 5 4 2 3
1607 494 4 5 4 2 3
1611 1084 4 5 4 3 2
1612 607 4 5 4 2 3
1614 613 4 5 4 2 3
1616 1007 4 5 4 2 3
1619 308 4 5 4 2 3
1619 1036 4 5 4 3 2
1627 374 4 5 4 3 2
1628 67 4 5 4 3 2
1628 101 4 5 4 3 2
1631 1424 4 5 4 3 2
1633 548 4 5 4 2 3
1633 1006 4 6 4 3 3
1634 631 4 5 4 3 2
1634 773 4 5 4 2 3
1634 1243 4 5 5 3 2
1638 23 4 5 5 2 3
1639 304 4 5 4 2 3
1639 1282 4 5 4 2 3
1639 1604 4 5 4 3 2
1640 1381 4 5 4 3 2
1642 129 4 5 4 3 2
1643 44 4 5 4 2 3
1643 96 4 5 4 2 3
1643 194 4 5 4 2 3
1643 1052 4 5 4 3 2
1647 1174 4 5 4 3 2
1648 115 4 5 4 2 3
1648 119 4 5 4 3 2
1648 843 4 5 4 2 3
1648 871 4 5 4 2 3
1649 452 4 5 4 2 3
1649 614 4 5 4 2 3
1649 1198 4 5 4 3 2
1652 853 4 5 4 3 2
1654 899 4 5 4 3 2
1658 451 4 5 4 3 2
1658 1477 4 5 4 4 1
1661 328 4 5 4 3 2
1661 394 4 5 4 3 2
1661 1168 4 5 4 3 2
1663 658 4 5 4 2 3
1666 743 4 5 4 3 2
1666 887 4 5 4 3 2
1666 907 4 5 4 2 3
1667 1534 4 5 4 3 2
1668 719 4 5 4 3 2
1669 1340 4 5 4 3 2
1671 1244 4 5 4 3 2
1672 91 4 5 5 2 3
1672 181 4 5 4 2 3
1673 1006 4 5 4 3 2
1674 757 4 5 4 3 2
1675 206 4 5 4 3 2
1676 697 4 5 4 3 2
1676 963 4 5 4 3 2
1676 1145 4 5 4 3 2
1678 1633 4 5 4 3 2
1679 88 4 5 4 3 2
1679 392 4 5 4 2 3
1679 764 4 5 4 2 3
1679 1478 4 5 4 3 2
1681 238 4 5 4 2 3
1684 527 4 5 4 3 2
1684 1397 4 5 4 3 2
1687 106 4 5 4 2 3
1687 764 4 5 4 3 2
1688 699 4 5 4 3 2
1691 892 4 5 4 3 2
1694 113 4 5 4 2 3
1696 537 4 5 4 3 2
1696 917 4 5 4 3 2
1697 1270 4 5 4 3 2
1699 786 4 5 4 3 2
1699 1150 4 5 4 3 2
1702 239 4 5 4 2 3
1702 1471 4 5 4 2 3
1706 1003 4 5 4 3 2
1707 706 4 5 4 2 3
1708 239 4 5 4 3 2
1709 988 4 5 4 3 2
1709 1426 4 5 4 4 1
1711 248 4 5 4 2 3
1711 398 4 5 4 3 2
1711 742 4 5 5 2 3
1711 1370 4 5 5 3 2
1712 851 4 5 4 2 3
1712 1159 4 5 4 3 2
1713 778 4 5 4 2 3
1714 1219 4 5 4 2 3
1717 824 4 5 4 3 2
1717 1234 4 5 4 2 3
1718 119 4 5 4 2 3
1718 497 4 5 4 2 3
1718 559 4 5 4 3 2
1721 1106 4 5 4 2 3
1724 391 4 5 4 3 2
1724 469 4 5 4 3 2
1727 446 4 5 4 2 3
1727 856 4 5 4 3 2
1727 1388 4 5 4 3 2
1730 239 4 5 4 2 3
1735 1504 4 5 4 2 3
1736 373 4 5 4 3 2
1736 943 4 5 5 3 2
1738 401 4 5 4 3 2
1738 1339 4 5 5 2 3
1739 28 4 5 4 3 2
1739 88 4 5 4 3 2
1739 158 4 5 4 2 3
1739 428 4 5 4 2 3
1739 452 4 5 4 2 3
1739 598 4 5 5 3 2
1739 626 4 6 4 3 3
1741 1196 4 5 4 3 2
1742 491 4 5 4 3 2
1742 631 4 5 4 3 2
1744 895 4 5 4 3 2
1744 1387 4 5 4 2 3
1748 241 4 5 4 3 2
1748 1423 4 5 4 3 2
1751 46 4 5 4 2 3
1751 358 4 5 4 3 2
1752 509 4 5 4 3 2
1753 1316 4 5 4 3 2
1754 203 4 5 4 2 3
1754 697 4 5 4 3 2
1754 963 4 5 4 3 2
1754 1067 4 5 4 3 2
1756 265 4 5 4 2 3
1756 1357 4 5 4 2 3
1756 1457 4 5 4 3 2
1757 262 4 5 4 2 3
1757 608 4 5 4 3 2
1758 959 4 5 5 3 2
1760 311 4 5 4 2 3
1762 119 4 5 4 3 2
1762 299 4 5 4 2 3
1762 1157 4 5 4 3 2
1763 218 4 5 4 2 3
1763 428 4 5 4 2 3
1763 736 4 5 4 3 2
1766 621 4 5 4 3 2
1766 1675 4 5 4 3 2
1767 4 4 5 4 3 2
1768 1061 4 5 4 3 2
1769 268 4 5 4 3 2
1769 548 4 5 4 2 3
1769 684 4 5 5 2 3
1771 1076 4 5 5 3 2
1772 1189 4 5 4 3 2
1774 1075 4 5 4 3 2
1774 1397 4 5 4 3 2
1775 334 4 5 4 3 2
1775 1642 4 5 4 3 2
1778 299 4 5 5 2 3
1778 601 4 5 4 3 2
1781 562 4 5 4 3 2
1781 1068 4 5 5 3 2
1781 1228 4 5 4 3 2
1783 1232 4 5 4 3 2
1784 713 4 5 4 2 3
1784 933 4 5 4 3 2
1786 407 4 5 5 3 2
1786 421 4 5 4 1 4
1786 883 4 5 4 2 3
1786 911 4 5 4 3 2
1786 1429 4 5 4 2 3
1786 1679 4 5 5 4 1
1787 1118 4 5 4 3 2
1788 1501 4 5 5 3 2
1789 1118 4 5 4 3 2
1793 134 4 5 4 2 3
1793 712 4 5 4 3 2
1793 944 4 5 4 3 2
1793 1266 4 5 5 3 2
1793 1448 4 5 4 2 3
1796 1397 4 5 4 2 3
1796 1537 4 5 4 3 2
1798 71 4 5 4 3 2
1799 248 4 5 4 2 3
1799 652 4 5 4 3 2
1799 824 4 5 4 2 3
1799 898 4 5 4 3 2
1799 974 4 5 4 2 3
1801 812 4 5 4 3 2
1801 1356 4 5 4 3 2
1802 1663 4 5 4 4 1
1804 263 4 5 4 3 2
1804 1181 4 5 4 3 2
1804 1367 4 5 4 3 2
1805 692 4 5 4 2 3
1807 496 4 5 4 2 3
1808 1591 5 5 4 3 2
1809 452 4 5 4 3 2
1811 950 4 5 4 2 3
1812 1009 4 5 4 3 2
1813 942 4 5 5 3 2
1814 771 4 5 4 3 2
1814 1343 4 5 4 3 2
1816 473 4 5 4 3 2
1816 685 4 5 4 2 3
1816 1333 4 5 4 2 3
1817 284 4 5 4 2 3
1817 416 4 5 4 3 2
1817 570 4 5 6 3 2
1817 596 4 5 4 2 3
1817 1562 4 5 5 2 3
1819 832 4 5 4 2 3
1819 1148 4 5 5 3 2
1821 434 4 5 5 3 2
1822 649 4 5 4 2 3
1822 777 4 5 5 2 3
1822 1349 4 5 4 3 2
1824 1229 4 5 4 2 3
1825 1112 4 5 4 3 2
1826 181 4 5 4 2 3
1826 853 4 5 4 3 2
1829 292 4 5 4 3 2
1829 1048 4 5 4 3 2
1829 1132 4 5 4 3 2
1829 1268 4 5 4 2 3
1829 1538 4 5 4 3 2
1831 938 4 5 4 3 2
1831 1298 4 5 4 3 2
1831 1414 4 5 4 3 2
1832 611 4 5 4 2 3
1832 1271 4 5 4 2 3
1832 1503 4 5 4 3 2
1834 1273 4 5 5 2 3
1834 1279 4 5 4 2 3
1837 526 4 5 4 2 3
1838 451 4 5 4 3 2
1841 116 4 5 4 2 3
1841 794 4 5 4 3 2
1841 898 4 5 4 3 2
1841 1448 4 5 4 3 2
1841 1522 4 5 4 3 2
1843 446 4 5 4 3 2
1843 1094 4 5 4 3 2
1844 1313 4 5 4 3 2
1844 1375 4 5 4 3 2
1846 317 4 5 4 3 2
1846 431 4 5 4 3 2
1846 1213 4 5 4 3 2
1852 667 4 5 4 2 3
1853 1244 4 5 4 2 3
1853 1384 4 5 4 3 2
1853 1424 4 5 4 2 3
1854 83 4 5 4 2 3
1854 1513 4 5 5 3 2
1856 393 4 5 4 2 3
1856 1037 4 5 4 2 3
1857 86 4 5 4 2 3
1858 1397 4 5 4 4 1
1861 988 4 5 4 3 2
1861 1562 4 5 4 3 2
1862 257 4 5 4 2 3
1864 415 4 5 4 2 3
1864 1633 4 5 4 2 3
1865 1348 4 5 4 3 2
1867 1496 4 5 4 3 2
1867 1526 4 5 4 3 2
1868 695 4 5 4 2 3
1868 869 4 5 4 3 2
1868 1333 4 5 4 3 2
1868 1351 4 5 4 3 2
1874 973 4 5 4 3 2
1874 1133 4 5 4 2 3
1876 137 4 5 4 3 2
1876 907 4 5 4 2 3
1877 532 4 5 4 3 2
1877 792 4 5 4 2 3
1879 682 4 5 4 2 3
1882 989 4 5 4 3 2
1882 1363 4 5 4 3 2
1883 526 4 5 4 3 2
1883 1186 4 5 4 3 2
1883 1648 4 5 4 3 2
1885 688 4 5 5 2 3
1886 157 4 5 4 2 3
1886 191 4 5 4 2 3
1886 983 4 5 4 2 3
1888 679 4 5 4 2 3
1888 1679 5 5 4 3 2
1891 188 4 5 4 3 2
1891 902 4 5 5 3 2
1891 958 4 5 4 3 2
1891 1282 4 5 4 2 3
1891 1398 4 5 5 3 2
1891 1504 4 5 4 3 2
1891 1772 4 5 4 3 2
1892 1153 4 5 4 4 1
1892 1447 4 5 4 3 2
1893 1442 4 5 5 3 2
1894 215 4 5 4 3 2
1894 893 4 5 4 2 3
1894 1179 4 5 4 2 3
1894 1761 4 5 4 3 2
1897 554 4 5 4 3 2
1897 1048 4 5 4 3 2
1897 1184 4 5 4 3 2
1901 1120 4 5 4 3 2
1903 244 4 5 4 2 3
1903 1084 4 5 4 2 3
1903 1118 4 5 5 3 2
1903 1126 4 5 4 2 3
1903 1156 4 5 4 3 2
1903 1574 4 5 4 3 2
1906 1169 4 5 4 3 2
1906 1477 4 5 4 2 3
1906 1691 4 5 4 3 2
1907 1008 4 5 4 3 2
1908 829 4 5 4 3 2
1908 1237 4 5 4 3 2
1909 292 4 5 4 2 3
1909 808 4 5 4 3 2
1909 904 4 5 4 2 3
1909 1510 4 5 5 2 3
1909 1622 4 5 4 3 2
1910 503 4 5 4 2 3
1910 1009 4 5 4 3 2
1910 1643 4 5 5 3 2
1912 671 4 5 4 3 2
1914 907 4 5 5 3 2
1915 316 4 5 4 2 3
1915 956 4 5 4 3 2
1916 989 4 5 4 3 2
1916 1561 4 5 4 3 2
1916 1703 4 5 4 3 2
1918 191 4 5 4 3 2
1918 1049 4 5 4 3 2
1918 1151 4 5 4 3 2
1919 382 4 5 4 3 2
1921 158 4 5 4 3 2
1921 848 4 5 4 3 2
1922 1159 4 5 4 3 2
1922 1441 4 5 4 3 2
1924 613 4 5 4 2 3
1926 419 4 5 4 3 2
1927 166 4 5 4 3 2
1927 262 4 5 4 2 3
1927 296 4 5 4 3 2
1927 418 4 5 5 3 2
1927 856 4 5 4 2 3
1927 1234 4 5 4 2 3
1927 1588 4 5 4 3 2
1928 949 4 5 4 3 2
1928 1411 4 5 4 3 2
1928 1813 4 5 4 3 2
1929 326 4 5 4 3 2
1930 1447 4 5 4 2 3
1931 204 4 5 4 3 2
1933 1034 4 5 4 3 2
1933 1686 4 5 4 3 2
1934 1003 4 5 4 3 2
1936 893 4 5 4 3 2
1936 1403 4 5 4 3 2
1937 226 4 5 4 3 2
1937 856 4 5 4 3 2
1939 764 4 5 4 3 2
1939 778 4 5 4 3 2
1939 982 4 5 4 2 3
1939 1614 4 5 5 3 2
1940 587 4 5 4 2 3
1942 1391 4 5 4 3 2
1942 1529 4 5 4 3 2
1942 1781 4 5 4 3 2
1943 964 4 5 4 3 2
1945 92 4 5 4 3 2
1945 904 4 5 4 3 2
1946 239 4 5 4 3 2
1946 529 4 5 4 3 2
1946 977 4 5 4 2 3
1946 1387 4 5 5 3 2
1947 314 4 5 5 3 2
1948 959 5 5 4 3 2
1949 962 4 5 4 2 3
1949 1558 4 5 4 3 2
1951 1342 4 5 4 2 3
1953 1562 4 5 6 3 2
1954 161 4 5 4 3 2
1954 917 4 5 4 3 2
1954 1177 4 5 4 2 3
1954 1189 4 5 4 2 3
1957 178 4 5 4 3 2
1957 604 4 5 4 2 3
1957 1046 4 5 4 4 1
1957 1096 5 5 4 2 3
1957 1726 4 5 4 2 3
1958 233 4 5 4 2 3
1958 493 4 5 5 3 2
1958 779 4 5 5 3 2
1958 811 4 5 4 3 2
1958 989 4 5 5 2 3
1958 1253 4 5 5 2 3
1959 188 4 5 4 2 3
1961 328 4 5 4 3 2
1961 622 4 5 4 3 2
1962 317 4 5 4 2 3
1962 499 4 5 4 2 3
1962 1489 4 5 4 3 2
1962 1591 4 5 5 3 2
1963 886 4 5 4 3 2
1963 974 4 5 4 3 2
1963 1256 4 5 4 3 2
1966 323 4 5 4 3 2
1966 517 4 5 4 2 3
1966 1043 4 5 4 3 2
1966 1207 4 5 4 2 3
1966 1639 4 5 4 3 2
1967 524 4 5 4 2 3
1967 1564 4 5 5 3 2
1969 82 4 5 4 2 3
1969 152 4 5 4 3 2
1969 1202 4 5 4 3 2
1969 1762 4 5 4 3 2
1972 859 4 5 4 2 3
1973 1390 4 5 4 3 2
1975 1646 4 5 4 3 2
1976 953 4 5 4 2 3
1976 1033 4 5 4 3 2
1978 211 4 5 4 2 3
1978 401 4 5 4 3 2
1978 739 4 6 4 3 3
1978 769 4 5 4 2 3
1978 1201 4 5 4 2 3
1979 418 4 5 4 3 2
1979 1090 4 5 4 3 2
1981 298 4 5 4 2 3
1981 746 4 5 4 2 3
1981 1838 4 5 4 3 2
1982 1421 4 5 4 2 3
1984 1357 4 5 4 2 3
1984 1379 4 5 4 3 2
1985 214 4 5 4 2 3
1985 424 4 5 4 3 2
1986 1601 4 5 4 2 3
1988 47 4 5 4 3 2
1988 1577 4 5 5 3 2
1990 499 4 5 4 2 3
1990 1321 4 5 4 3 2
1991 458 4 5 4 2 3
1991 634 4 5 4 3 2
1991 920 4 5 5 2 3
1991 1068 4 5 5 3 2
1991 1726 4 5 4 3 2
1992 1297 4 5 4 3 2
1992 1627 4 5 4 3 2
1993 854 4 5 4 3 2
1993 1066 4 5 4 3 2
1994 209 4 5 4 1 4
1994 989 4 5 4 2 3
1994 1457 4 5 4 3 2
1994 1763 4 5 4 2 3
1994 1819 4 5 4 3 2
1996 533 4 5 4 2 3
1996 1135 4 5 4 2 3
1996 1387 4 5 4 2 3
1997 610 4 5 4 3 2
1999 822 4 5 4 3 2
1999 894 4 5 4 2 3
1999 1194 4 5 4 2 3
2004 569 4 5 4 2 3
2004 1153 4 5 4 3 2
2005 548 4 5 4 3 2
2006 823 4 5 4 3 2
2006 1187 4 5 4 2 3
2006 1397 4 5 5 2 3
2008 763 4 5 4 2 3
2009 862 4 5 4 3 2
2009 1192 4 5 4 3 2
2011 966 4 5 5 2 3
2011 1802 4 5 4 3 2
2012 245 4 5 4 2 3
2012 249 4 5 4 3 2
2014 187 4 5 5 2 3
2014 243 4 5 4 2 3
2014 287 4 5 5 3 2
2014 355 4 5 5 2 3
2014 359 4 5 4 3 2
2014 593 4 5 4 3 2
2014 733 4 5 4 2 3
2014 947 4 5 4 3 2
2014 1171 4 5 4 3 2
2014 1607 4 5 4 3 2
2016 521 4 5 4 2 3
2018 1391 4 5 4 2 3
2020 1663 4 5 4 2 3
2021 212 5 5 4 3 2
2021 542 4 5 4 2 3
2021 1174 4 5 4 3 2
2021 1268 4 5 4 3 2
2021 1342 4 5 5 3 2
2021 1532 4 5 4 3 2
2022 293 4 5 4 2 3
2023 694 4 5 4 3 2
2024 97 4 5 4 3 2
2024 769 4 5 4 3 2
2024 1343 4 5 5 3 2
2024 1891 4 5 5 3 2
2026 445 4 5 4 2 3
2026 1219 4 5 4 3 2
2026 1817 4 5 4 3 2
2027 1526 4 5 4 3 2
2027 1704 4 5 4 3 2
2029 1288 4 5 4 2 3
2031 568 4 5 4 2 3
2032 1273 4 5 4 2 3
2032 1647 4 5 4 2 3
2033 844 4 5 4 3 2
2033 1312 4 5 4 3 2
2033 1366 5 5 4 3 2
2033 1418 4 6 4 3 3
2033 1762 4 5 4 4 1
2036 287 4 5 4 2 3
2036 703 4 5 4 3 2
2036 1561 4 5 4 3 2
2038 589 4 5 4 2 3
2038 791 4 5 4 3 2
2038 869 4 5 4 3 2
2038 1573 4 5 4 2 3
2038 1819 4 5 4 3 2
2038 1961 4 5 4 3 2
2039 1342 4 5 4 3 2
2041 302 4 5 4 3 2
2042 697 4 5 4 3 2
2043 22 4 5 4 3 2
2044 341 4 5 5 3 2
2044 353 4 5 4 3 2
2044 673 4 5 4 3 2
2044 1571 4 5 4 3 2
2045 734 4 5 4 2 3
2045 1618 4 5 4 3 2
2047 1264 4 5 4 3 2
2047 1306 4 5 4 2 3
2049 338 4 5 4 3 2
2051 50 4 5 4 2 3
2051 368 4 5 4 2 3
2051 398 4 5 4 2 3
2051 688 4 5 4 3 2
2051 778 4 5 4 3 2
2051 1354 4 5 4 3 2
2051 1502 4 5 4 3 2
2053 506 4 5 4 2 3
2053 1958 4 5 4 3 2
2054 437 4 5 5 2 3
2054 549 4 5 5 2 3
2056 341 4 5 4 3 2
2056 1563 4 5 4 3 2
2056 1573 4 5 4 2 3
2057 556 4 5 4 3 2
2057 1784 4 5 4 2 3
2059 482 4 5 4 3 2
2059 818 4 5 4 3 2
2059 1052 4 5 4 3 2
2060 581 4 5 5 2 3
2060 1433 4 5 4 2 3
2062 171 4 5 4 3 2
2062 1457 4 5 4 3 2
2062 1501 4 5 4 2 3
2062 2023 4 5 4 3 2
2063 874 4 5 4 3 2
2063 996 4 5 4 3 2
2063 1892 4 5 4 3 2
2064 1129 4 5 4 2 3
2066 993 4 5 4 3 2
2066 1273 4 5 4 3 2
2066 1981 4 5 4 3 2
2067 992 4 5 5 3 2
2068 269 4 5 4 3 2
2068 571 4 5 4 3 2
2068 941 4 5 4 3 2
2068 1061 4 5 4 3 2
2068 1355 4 5 5 3 2
2068 1789 4 5 4 3 2
2069 518 4 5 4 2 3
2069 938 4 5 4 2 3
2071 162 4 5 4 3 2
2071 668 4 5 4 3 2
2071 862 4 5 4 2 3
2071 958 4 5 4 2 3
2071 998 4 5 4 3 2
2071 1268 4 5 4 3 2
2072 389 4 5 4 2 3
2072 1171 4 5 4 3 2
2073 412 4 5 4 3 2
2074 1307 4 5 4 3 2
2077 44 4 5 4 3 2
2077 158 4 5 4 3 2
2077 548 4 5 4 3 2
2077 674 4 5 4 3 2
2077 796 4 5 4 2 3
2077 1654 4 5 4 3 2
2077 1678 4 5 4 2 3
2078 889 4 5 4 3 2
2078 1121 4 5 4 2 3
2078 1541 4 5 4 3 2
2081 1230 4 5 5 3 2
2081 1598 4 5 4 2 3
2082 739 4 5 4 3 2
2083 1978 4 5 4 2 3
2084 1073 4 5 4 3 2
2084 1853 4 5 4 2 3
2085 1282 4 5 5 3 2
2086 269 4 5 4 3 2
2087 650 4 5 4 3 2
2088 779 4 5 5 2 3
2089 318 4 5 4 2 3
2089 1462 4 5 4 2 3
2089 1508 4 5 4 3 2
2089 1606 4 5 4 2 3
2089 1970 4 5 4 3 2
2092 91 4 5 4 2 3
2093 586 4 5 5 3 2
2093 1658 4 5 5 2 3
2094 547 4 5 4 2 3
2096 1159 4 5 4 4 1
2097 136 4 5 4 3 2
2098 1139 4 5 4 3 2
2098 1507 4 5 4 3 2
2098 1587 4 5 4 3 2
2098 1591 4 5 4 3 2
2099 680 4 5 4 2 3
2099 748 4 5 4 3 2
2101 272 4 5 4 3 2
2101 958 4 5 4 3 2
2101 1028 4 5 4 3 2
2101 1142 4 5 4 3 2
2101 1898 4 5 5 3 2
2102 551 4 5 4 2 3
2102 1099 4 5 4 3 2
2103 284 4 5 4 3 2
2104 69 4 5 4 2 3
2104 341 4 5 4 3 2
2104 817 4 5 4 2 3
2104 1089 4 5 4 2 3
2104 1921 4 5 4 3 2
2105 1678 4 5 4 3 2
2107 446 4 5 4 3 2
2107 1292 4 5 5 3 2
2108 601 4 5 4 3 2
2108 1289 4 5 4 2 3
2108 1511 4 5 4 3 2
2111 1178 4 5 4 3 2
2114 109 4 5 4 3 2
2114 1087 4 5 4 3 2
2114 1399 4 5 4 2 3
2117 94 4 5 4 3 2
2117 172 4 5 4 3 2
2117 374 4 5 5 2 3
2117 1324 4 5 4 3 2
2117 1358 4 5 5 2 3
2117 1732 4 5 4 2 3
2117 1816 4 5 4 3 2
2118 941 4 5 4 3 2
2119 578 4 5 4 3 2
2119 712 4 5 4 2 3
2119 1388 4 5 4 3 2
2119 1468 4 5 4 2 3
2120 811 4 5 4 2 3
2120 1399 4 5 4 3 2
2121 1432 4 5 5 3 2
2122 1077 4 5 4 2 3
2123 586 4 5 4 3 2
2123 1174 4 5 4 3 2
2123 1696 4 5 4 3 2
2126 217 4 5 4 3 2
2126 1463 4 5 5 2 3
2126 1853 4 5 4 2 3
2127 1742 4 5 5 2 3
2128 241 4 5 4 2 3
2128 743 4 5 4 3 2
2128 1699 4 5 4 2 3
2129 588 4 5 4 3 2
2131 1162 4 5 4 2 3
2132 211 4 5 4 3 2
2132 487 4 5 4 2 3
2132 1201 4 5 4 3 2
2132 1949 4 5 4 3 2
2134 49 4 5 4 2 3
2134 367 4 5 4 2 3
2134 1147 4 5 5 2 3
2134 1219 4 5 5 2 3
2134 1583 4 5 4 3 2
2136 503 4 5 4 3 2
2136 1553 4 5 4 3 2
2137 646 4 5 4 2 3
2137 1416 4 5 4 3 2
2138 1673 4 5 4 2 3
2138 1837 4 5 4 3 2
2138 2061 4 5 4 3 2
2139 634 4 5 5 2 3
2139 1018 4 5 5 3 2
2140 1997 4 5 4 3 2
2141 370 4 5 4 2 3
2141 1672 4 5 4 3 2
2141 1764 4 5 4 3 2
2143 574 4 5 4 3 2
2143 790 4 5 4 2 3
2143 1364 4 5 4 3 2
2143 1498 4 5 4 2 3
2144 553 4 5 4 3 2
2146 749 4 5 5 3 2
2146 1123 4 5 4 2 3
2147 68 4 5 4 2 3
2147 302 4 5 4 2 3
2147 376 4 5 4 2 3
2147 674 4 5 4 3 2
2147 926 4 5 4 2 3
2147 1108 4 5 4 4 1
2147 1234 4 5 4 3 2
2147 1636 4 5 4 3 2
2147 1654 4 5 4 3 2
2149 1252 4 5 4 2 3
2149 1588 4 5 4 2 3
2150 909 4 5 5 3 2
2150 2059 4 5 5 3 2
2151 104 4 5 4 3 2
2151 688 4 5 4 2 3
2152 381 4 5 4 2 3
2152 815 4 5 4 3 2
2152 979 4 5 4 2 3
2152 2009 4 5 4 3 2
2153 476 4 5 4 2 3
2153 564 4 5 4 3 2
2153 612 4 5 4 3 2
2154 1703 4 5 5 3 2
2154 1969 4 5 5 3 2
2156 29 4 5 4 3 2
2156 199 4 5 4 3 2
2156 323 4 5 5 2 3
2156 947 4 5 4 2 3
2156 1207 4 5 5 3 2
2156 1663 4 5 4 3 2
2156 1739 4 5 5 3 2
2158 409 4 5 4 2 3
2158 523 4 5 4 2 3
2158 761 4 5 4 3 2
2158 849 4 5 5 2 3
2158 1549 4 5 4 2 3
2158 1857 4 5 5 3 2
2159 448 4 5 4 3 2
2159 1084 4 5 4 3 2
2159 1152 4 5 4 3 2
2159 1438 4 5 4 3 2
2161 518 5 5 4 3 2
2161 1666 4 5 4 2 3
2162 71 4 6 4 3 3
2162 451 4 5 5 3 2
2162 617 4 5 4 2 3
2162 719 4 5 4 2 3
2162 1049 4 5 4 2 3
2164 657 4 5 4 3 2
2164 685 4 6 4 3 3
2164 1147 4 5 4 3 2
2164 1267 4 5 4 2 3
2164 1807 4 5 4 2 3
2164 1959 4 5 4 3 2
2165 758 4 5 4 2 3
2166 1123 4 5 4 3 2
2167 74 4 5 4 2 3
2167 514 4 5 4 2 3
2167 1046 4 5 4 3 2
2167 1502 4 5 4 2 3
2167 1634 4 5 5 3 2
2168 287 4 5 4 2 3
2168 959 4 5 4 2 3
2168 1651 4 5 4 3 2
2169 652 4 5 4 3 2
2171 92 4 5 4 2 3
2171 428 4 5 4 2 3
2171 590 4 5 5 2 3
2171 932 4 5 4 2 3
2171 1448 4 5 4 3 2
2171 1952 4 5 4 3 2
2172 401 4 5 4 2 3
2172 1279 4 5 4 3 2
2173 192 4 5 4 3 2
2173 430 4 5 5 2 3
2174 213 4 5 4 3 2
2174 535 4 5 4 3 2
2174 1393 4 5 4 3 2
2174 1641 4 5 4 3 2
2177 208 4 5 4 3 2
2179 1780 4 5 4 2 3
2180 373 4 5 4 3 2
2180 409 4 5 4 2 3
2181 284 4 5 4 3 2
2182 1115 4 5 4 3 2
2183 538 4 5 4 2 3
2183 554 4 5 4 3 2
2183 664 4 5 4 3 2
2183 1546 4 5 4 3 2
2183 1864 4 5 4 3 2
2183 1996 4 5 4 3 2
2185 62 4 5 5 3 2
2186 93 4 5 4 2 3
2186 737 4 5 4 2 3
2186 1349 4 5 4 3 2
2186 1537 4 5 4 3 2
2188 451 4 5 4 3 2
2188 969 4 5 5 3 2
2188 1501 4 5 4 3 2
2188 1561 4 5 4 2 3
2188 1751 4 5 4 3 2
2189 142 4 5 4 3 2
2189 586 4 5 4 3 2
2189 832 4 5 4 3 2
2189 922 5 5 4 3 2
2189 1004 4 5 4 2 3
2189 1444 4 5 4 3 2
2191 100 4 5 4 2 3
2191 178 4 5 4 2 3
2191 982 4 5 4 2 3
2191 1374 4 5 5 3 2
2191 1868 4 5 4 3 2
2192 749 4 5 4 2 3
2193 656 4 5 5 3 2
2194 2061 4 5 4 3 2
2195 1732 4 5 4 4 1
2196 863 4 5 4 3 2
2198 139 4 5 4 3 2
2198 1087 4 5 4 3 2
2198 1399 4 5 4 3 2
2201 892 4 5 4 2 3
2201 1018 4 5 4 3 2
2201 1124 4 5 4 3 2
2201 1810 4 5 5 3 2
2202 53 4 5 4 3 2
2203 476 4 5 4 3 2
2203 742 4 5 4 3 2
2203 1426 4 5 4 2 3
2204 279 4 5 5 2 3
2204 953 4 5 4 3 2
2206 407 4 5 4 3 2
2206 749 4 5 4 3 2
2206 1189 4 5 4 3 2
2206 1359 4 5 4 3 2
2207 744 4 5 4 2 3
2207 782 4 5 4 2 3
2207 986 4 5 4 2 3
2207 1804 4 5 4 3 2
2209 948 4 5 4 3 2
2209 988 4 5 4 2 3
2209 1390 4 5 4 2 3
2211 1126 4 5 5 2 3
2212 1453 4 5 4 2 3
2212 1471 4 5 4 2 3
2213 1406 4 5 4 3 2
2213 1586 4 5 4 2 3
2214 149 4 5 4 2 3
2218 979 4 5 4 2 3
2218 1071 4 5 5 3 2
2218 1819 4 5 4 2 3
2218 2059 4 5 4 3 2
2219 916 4 5 4 4 1
2219 1592 4 5 4 2 3
2221 1738 4 5 4 2 3
2221 1826 4 5 4 3 2
2222 151 4 5 4 3 2
2222 683 4 5 4 3 2
2222 949 4 5 5 3 2
2222 1691 4 5 5 3 2
2222 1901 4 5 4 3 2
2224 889 4 5 4 2 3
2224 1633 4 5 4 3 2
2224 1689 4 5 4 3 2
2224 1703 4 5 4 4 1
2224 2077 4 5 4 3 2
2227 566 4 5 4 3 2
2227 1072 4 5 4 1 4
2227 1226 4 5 4 2 3
2227 1436 4 5 4 3 2
2227 1514 4 5 4 3 2
2227 1744 4 5 4 2 3
2228 489 4 5 4 3 2
2228 779 4 5 4 2 3
2228 1391 4 5 4 3 2
2229 94 4 5 4 2 3
2230 277 4 5 4 2 3
2230 1907 4 5 4 3 2
2231 112 4 5 4 3 2
2231 698 4 5 4 2 3
2231 896 4 5 4 2 3
2231 898 4 5 4 3 2
2231 1118 4 5 5 2 3
2231 1208 4 5 4 2 3
2231 1262 4 5 4 2 3
2231 1528 4 5 4 3 2
2231 1832 4 5 4 2 3
2232 1187 4 5 4 2 3
2232 1567 4 5 4 2 3
2233 1336 4 5 5 2 3
2233 1928 4 5 5 3 2
2234 517 4 5 4 3 2
2234 1133 4 5 4 3 2
2236 53 4 5 4 3 2
2236 283 4 5 4 2 3
2236 593 4 5 4 3 2
2236 1477 4 5 5 2 3
2237 822 4 5 4 3 2
2237 1802 4 5 4 2 3
2237 2072 4 5 4 2 3
2238 401 4 5 4 3 2
2238 1843 4 5 5 3 2
2239 1232 4 5 4 3 2
2240 1423 4 5 4 3 2
2241 398 4 5 4 3 2
2242 79 4 5 4 2 3
2242 761 4 5 4 4 1
2242 1199 4 5 5 3 2
2242 1283 4 5 4 3 2
2242 1487 4 5 4 3 2
2242 1769 4 5 5 3 2
2242 2123 4 5 5 3 2
2243 2034 4 5 4 3 2
2243 2146 4 5 4 4 1
2245 98 4 5 4 3 2
2245 254 4 5 4 3 2
2246 245 4 5 4 2 3
2246 1043 4 5 4 3 2
2246 1147 4 5 4 3 2
2248 391 4 5 4 3 2
2248 909 4 5 4 3 2
2248 1349 4 5 4 3 2
2248 1441 4 5 4 3 2
2248 1841 4 5 4 3 2
2250 809 4 5 4 3 2
2251 946 4 5 4 2 3
2251 1778 4 5 4 3 2
2252 671 4 5 4 2 3
2252 899 4 5 4 2 3
2252 1141 4 5 4 3 2
2252 1251 4 5 4 2 3
2252 1339 4 5 4 3 2
2252 1363 4 5 4 3 2
2252 2049 4 5 4 3 2
2253 1436 4 5 4 3 2
2254 857 4 5 4 3 2
2254 1741 4 5 4 3 2
2257 118 4 5 4 2 3
2257 346 4 5 4 2 3
2257 746 4 5 4 4 1
2257 872 4 5 4 3 2
2257 1084 4 5 4 2 3
2260 1271 4 5 5 3 2
2260 2129 4 5 4 4 1
2261 346 4 5 5 3 2
2261 512 4 5 4 2 3
2263 502 4 5 4 3 2
2263 586 4 6 4 3 3
2263 604 4 5 4 2 3
2263 746 4 5 4 3 2
2263 814 4 5 5 2 3
2263 1256 4 5 4 3 2
2263 1556 4 5 4 3 2
2263 1958 4 5 5 3 2
2263 2014 4 5 5 3 2
2264 703 4 5 4 3 2
2264 893 4 5 4 3 2
2264 1593 4 5 4 3 2
2264 1771 4 5 5 3 2
2266 19 4 5 4 2 3
2266 65 4 5 5 3 2
2266 503 4 5 4 3 2
2266 541 4 5 4 2 3
2266 831 4 5 5 2 3
2266 1127 4 5 5 3 2
2266 1153 4 5 4 2 3
2266 1423 4 5 4 3 2
2266 1933 4 5 4 3 2
2267 792 4 5 4 3 2
2268 449 4 5 4 3 2
2269 1148 4 5 4 3 2
2269 1946 4 5 4 3 2
2270 1093 4 5 4 3 2
2270 1171 4 5 4 3 2
2271 368 4 5 4 3 2
2272 721 4 5 4 2 3
2272 973 4 5 4 3 2
2272 1159 4 5 4 2 3
2272 1727 4 5 4 3 2
2272 2051 4 5 4 3 2
2273 854 4 5 4 2 3
2273 1584 4 5 4 3 2
2274 157 4 5 4 3 2
2274 239 4 5 4 2 3
2276 671 4 5 4 2 3
2276 2157 4 5 4 3 2
2276 2189 4 5 4 3 2
2278 551 4 5 5 3 2
2278 613 4 5 4 2 3
2278 743 4 5 4 3 2
2278 977 4 5 4 4 1
2278 1199 4 5 5 3 2
2278 1613 4 5 4 2 3
2278 2069 4 5 4 3 2
2279 872 4 5 4 2 3
2279 1424 4 5 4 2 3
2279 1466 4 5 4 3 2
2279 1538 4 5 4 2 3
2279 1670 4 5 5 2 3
2279 1768 4 5 5 3 2
2281 532 4 5 4 2 3
2281 590 4 5 4 3 2
2281 1338 4 5 4 3 2
2281 1632 4 5 4 3 2
2282 701 4 5 4 2 3
2282 919 4 5 4 3 2
2282 1733 4 5 4 3 2
2284 1027 4 5 4 3 2
2284 1157 4 5 4 3 2
2284 1281 4 5 5 3 2
2284 2021 4 5 4 4 1
2285 652 4 5 4 3 2
2285 1796 4 5 4 3 2
2286 899 4 5 5 3 2
2287 1426 4 5 4 2 3
2287 1672 4 5 4 2 3
2288 839 4 5 4 2 3
2290 2213 4 5 4 3 2
2291 118 4 5 4 3 2
2291 152 4 5 4 2 3
2291 388 4 5 4 3 2
2291 426 4 5 5 3 2
2291 778 4 5 4 3 2
2291 1342 4 5 5 3 2
2291 1472 4 5 4 2 3
2291 1708 4 5 5 3 2
2291 1832 4 5 4 3 2
2291 1888 4 5 4 3 2
2291 2056 4 5 4 3 2
2292 199 4 5 4 2 3
2292 1159 4 5 5 3 2
2294 397 4 5 4 3 2
2294 457 4 5 4 3 2
2294 863 4 5 4 3 2
2294 1109 4 5 4 2 3
2294 1237 4 5 4 3 2
2294 1777 4 5 4 3 2
2296 157 4 5 4 2 3
2296 307 4 5 4 2 3
2296 463 4 5 4 2 3
2296 701 4 5 4 2 3
2296 1769 4 5 5 3 2
2297 682 4 5 4 2 3
2297 1426 4 5 4 3 2
2297 1736 4 5 4 2 3
2297 2024 4 5 4 2 3
2298 457 4 5 4 3 2
2298 989 4 5 5 2 3
2299 548 4 5 4 3 2
2299 1376 4 5 4 3 2
2299 1414 4 5 5 2 3
2299 1654 4 5 4 2 3
2299 1922 4 5 4 3 2
2299 1934 4 5 4 3 2
2299 1978 4 5 5 3 2
2300 73 4 5 4 3 2
2300 473 4 5 5 2 3
2302 129 4 5 4 3 2
2302 1639 4 5 4 2 3
2302 2101 4 5 4 3 2
2303 202 4 5 4 3 2
2303 608 4 5 4 2 3
2303 842 4 5 4 3 2
2303 1324 4 5 4 3 2
2303 2018 4 5 4 2 3
2305 992 4 5 4 3 2
2305 1436 4 5 4 3 2
2306 623 4 5 4 2 3
2306 707 4 5 4 2 3
2306 1299 4 5 4 3 2
2306 1357 4 5 4 3 2
2306 1507 4 5 4 3 2
2306 1775 4 5 4 3 2
2308 537 4 5 4 2 3
2308 1507 4 5 4 3 2
2308 2147 4 5 4 3 2
2309 170 4 5 4 2 3
2309 658 4 5 4 3 2
2309 1178 4 5 4 2 3
2309 1644 4 5 4 2 3
2309 2014 4 5 4 3 2
2311 582 4 5 4 2 3
2311 748 4 5 4 3 2
2311 978 4 5 4 3 2
2312 299 4 5 4 2 3
2312 1661 4 5 4 2 3
2313 404 4 5 4 3 2
2313 1942 4 5 4 3 2
2314 83 4 5 4 3 2
2314 433 4 5 4 2 3
2314 797 4 5 4 3 2
2314 1103 4 5 4 3 2
2316 1237 4 5 4 3 2
2317 926 4 5 4 3 2
2317 964 4 5 4 2 3
2317 1046 4 5 4 3 2
2317 1272 4 5 5 2 3
2317 1312 4 5 4 2 3
2318 41 4 5 4 2 3
2318 1339 4 5 5 3 2
2318 1541 4 5 5 2 3
2318 1735 4 5 5 3 2
2318 1829 4 5 5 3 2
2318 1961 4 5 5 2 3
2318 2113 4 5 4 3 2
2319 772 4 5 4 2 3
2319 1048 4 5 4 3 2
2321 186 4 5 5 2 3
2321 212 4 5 4 2 3
2321 394 4 5 4 3 2
2321 916 4 5 4 3 2
2321 1124 4 6 4 3 3
2321 1712 4 5 4 2 3
2322 313 4 5 4 3 2
2323 214 4 5 4 2 3
2323 554 4 5 4 3 2
2323 618 4 5 5 2 3
2323 776 4 5 4 2 3
2323 904 4 5 4 2 3
2323 1268 4 5 4 3 2
2323 1592 4 5 4 3 2
2323 2008 4 5 4 2 3
2324 283 4 5 4 3 2
2324 773 4 5 4 2 3
2324 1103 4 5 4 2 3
2324 1459 4 5 4 3 2
2324 1675 4 5 5 3 2
2324 1933 4 5 4 3 2
2324 2069 4 5 4 2 3
2326 247 4 5 4 2 3
2326 1357 4 5 4 2 3
2326 1633 4 5 4 2 3
2327 206 4 5 4 2 3
2327 892 4 6 4 3 3
2327 1012 4 5 5 3 2
2327 1796 4 5 4 3 2
2327 1844 4 5 4 2 3
2328 1313 4 5 5 2 3
2329 1076 4 5 4 3 2
2329 1892 4 5 5 3 2
2330 1597 4 5 4 4 1
2332 841 4 5 4 2 3
2332 911 4 5 4 3 2
2332 1021 4 5 4 2 3
2332 1481 4 5 4 3 2
2333 506 4 5 4 2 3
2335 976 4 5 4 3 2
2336 303 4 5 4 3 2
2337 1072 4 5 5 2 3
2337 1532 4 5 5 2 3
2338 127 4 6 4 3 3
2338 153 4 5 5 2 3
2338 509 4 5 4 3 2
2338 569 4 5 4 3 2
2338 647 4 5 4 3 2
2338 881 4 5 4 3 2
2339 1562 4 5 4 2 3
2339 1672 4 5 4 3 2
2339 1750 4 5 4 3 2
2339 1910 4 5 4 2 3
2341 948 4 5 4 3 2
2341 1102 4 5 4 2 3
2342 119 4 5 4 2 3
2342 1099 4 5 4 3 2
2342 1563 4 5 4 3 2
2342 1739 4 5 4 3 2
2343 1552 4 5 5 3 2
2344 995 4 5 4 3 2
2344 1539 4 5 4 2 3
2344 1891 4 5 4 3 2
2344 1957 4 5 4 3 2
2345 1322 4 5 5 2 3
2347 238 4 6 4 3 3
2347 940 4 5 4 2 3
2347 1206 4 5 4 3 2
2347 1976 5 5 4 3 2
2348 391 4 5 4 3 2
2348 1403 4 5 4 2 3
2348 1793 4 5 4 2 3
2348 1799 4 5 4 3 2
2350 1181 4 5 4 3 2
2351 894 4 5 4 3 2
2351 1378 4 5 4 3 2
2353 386 4 5 4 3 2
2353 614 4 5 4 3 2
2353 1384 4 5 4 2 3
2353 1808 4 5 4 3 2
2353 2234 4 5 4 3 2
2354 31 4 5 4 3 2
2354 397 4 5 4 3 2
2354 1087 4 5 4 3 2
2354 1273 4 5 5 3 2
2354 1651 4 5 5 3 2
2354 1997 4 5 4 2 3
2356 197 4 5 4 3 2
2356 263 4 5 4 2 3
2356 431 4 5 4 2 3
2356 757 4 5 4 2 3
2356 907 4 5 4 2 3
2356 977 4 5 4 3 2
2356 1367 4 5 4 3 2
2356 1453 4 5 4 2 3
2356 1621 4 5 4 2 3
2356 2195 4 5 5 3 2
2357 266 4 5 4 2 3
2357 1462 4 5 4 3 2
2359 2294 4 5 5 3 2
2360 709 4 5 4 3 2
2361 632 4 5 4 2 3
2362 553 4 5 4 3 2
2362 667 4 5 4 2 3
2362 2071 4 5 4 3 2
2363 914 4 5 4 2 3
2363 1532 4 5 4 3 2
2363 1894 4 5 4 3 2
2364 1531 4 5 4 3 2
2364 1937 4 5 5 3 2
2366 617 4 5 4 2 3
2366 641 4 5 4 2 3
2366 1321 4 5 4 2 3
2367 112 4 5 4 2 3
2367 1718 4 5 4 3 2
2367 2066 4 5 4 3 2
2368 377 4 5 4 3 2
2368 1199 4 5 4 3 2
2369 452 4 5 4 3 2
2369 652 4 5 4 3 2
2369 704 4 5 4 2 3
2369 964 4 5 4 3 2
2369 1116 4 5 5 3 2
2369 1354 4 6 4 3 3
2369 1558 4 5 5 4 1
2369 1690 4 5 5 3 2
2369 1844 4 5 4 2 3
2369 1852 4 5 4 3 2
2369 2152 4 5 4 3 2
2372 1261 4 5 4 3 2
2372 1541 4 5 4 3 2
2372 1751 4 5 4 3 2
2374 253 4 5 4 2 3
2374 889 4 5 4 2 3
2374 2033 4 5 4 3 2
2375 254 4 5 4 2 3
2375 1892 4 5 5 2 3
2377 606 4 5 4 2 3
2378 229 4 5 4 3 2
2378 331 4 5 4 3 2
2378 359 4 5 4 3 2
2378 541 4 5 4 3 2
2378 691 4 5 4 3 2
2378 961 4 5 4 3 2
2378 1087 4 5 4 4 1
2379 358 4 5 5 3 2
2379 608 4 5 5 2 3
2381 120 4 5 4 2 3
2381 834 4 5 4 2 3
2381 1364 4 5 4 3 2
2381 2052 4 5 4 3 2
2382 1237 4 5 4 3 2
2383 906 4 5 4 3 2
2383 1236 4 5 4 3 2
2383 1634 4 5 4 3 2
2384 333 4 5 4 3 2
2384 493 4 5 4 3 2
2384 1243 4 5 4 3 2
2384 1273 4 5 4 3 2
2386 589 4 5 4 3 2
2386 1179 4 5 4 3 2
2386 1343 5 5 4 3 2
2386 1673 5 5 4 3 2
2387 976 4 5 5 3 2
2388 253 4 5 5 2 3
2388 461 5 5 4 3 2
2388 953 4 5 4 2 3
2389 1342 4 5 4 3 2
2390 521 4 5 4 2 3
2391 554 4 5 4 3 2
2392 847 4 5 5 2 3
2392 2053 4 5 4 3 2
2393 372 4 5 4 3 2
2393 902 4 5 4 2 3
2393 1204 4 5 4 3 2
2393 1406 4 5 4 2 3
2395 434 4 5 5 3 2
2396 667 4 5 4 2 3
2396 1927 4 5 4 3 2
2398 361 4 5 4 2 3
2398 631 4 5 4 2 3
2398 919 4 5 4 2 3
2398 1291 4 5 4 3 2
2398 1361 4 5 4 3 2
2398 1429 4 5 4 2 3
2398 1619 4 5 4 3 2
2398 1747 4 5 4 2 3
2399 110 4 5 4 2 3
2399 1902 4 5 4 3 2
2399 1972 4 5 4 3 2
2400 1457 4 5 5 3 2
2401 748 4 5 4 2 3
2402 301 4 5 4 3 2
2402 1133 4 5 4 3 2
2402 1679 4 5 4 3 2
2403 1622 4 5 4 3 2
2404 931 4 5 4 3 2
2404 1067 4 5 4 3 2
2404 1529 4 5 4 3 2
2404 1921 4 5 4 2 3
2404 2033 4 5 4 3 2
2405 2006 4 5 6 2 3
2406 1097 4 5 4 2 3
2406 2263 4 5 5 3 2
2407 62 4 5 4 2 3
2407 146 4 6 4 3 3
2407 244 4 5 4 2 3
2407 284 4 5 4 3 2
2407 302 4 5 4 3 2
2407 764 4 5 4 3 2
2407 1388 4 5 4 4 1
2407 1406 4 6 5 3 3
2407 1714 4 5 4 2 3
2407 1778 4 5 5 3 2
2407 1784 4 5 4 3 2
2408 197 4 5 4 2 3
2408 499 4 5 4 3 2
2408 1979 4 5 4 2 3
2408 2017 4 5 4 3 2
2410 2287 4 5 4 3 2
2411 1222 4 5 4 3 2
2411 1278 4 5 4 3 2
2412 227 4 6 4 3 3
2413 194 4 5 4 3 2
2413 664 4 5 4 2 3
2413 922 4 6 4 3 3
2413 1052 4 5 4 4 1
2413 1174 4 5 4 2 3
2413 1276 4 5 5 3 2
2413 1676 4 5 4 3 2
2413 1832 4 5 4 3 2
2413 2248 4 5 4 2 3
2414 461 4 5 4 2 3
2414 467 4 5 4 2 3
2414 797 4 5 4 2 3
2414 1303 4 5 4 3 2
2414 2197 4 5 4 3 2
2416 1793 4 5 4 3 2
2417 590 4 5 4 2 3
2417 642 4 5 4 3 2
2418 647 4 5 5 2 3
2419 88 4 5 4 2 3
2419 318 4 5 5 3 2
2419 892 4 5 4 3 2
2419 1032 4 5 5 3 2
2419 1438 4 5 4 3 2
2419 1768 4 5 5 2 3
2419 1838 4 5 4 3 2
2420 401 4 5 4 3 2
2421 958 4 5 4 2 3
2421 1966 4 5 4 2 3
2422 383 4 5 4 4 1
2422 1073 4 5 5 3 2
2422 1175 4 5 5 3 2
2422 1681 4 5 4 2 3
2422 1879 4 5 4 3 2
2422 1957 4 5 5 2 3
2422 2123 4 5 5 3 2
2423 1526 4 5 4 2 3
2423 1606 4 5 4 3 2
2423 1702 4 5 4 3 2
2423 1834 5 5 4 3 2
2424 521 4 5 4 3 2
2426 473 4 5 4 2 3
2426 1127 4 5 4 3 2
2426 1457 4 5 4 2 3
2428 1441 4 5 4 2 3
2428 1661 4 5 4 3 2
2428 1961 4 5 4 4 1
2429 152 4 5 4 2 3
2429 482 4 5 4 2 3
2429 548 4 5 4 2 3
2429 790 4 5 5 3 2
2429 1012 4 5 5 3 2
2429 1076 4 5 4 2 3
2429 1732 4 5 4 3 2
2432 339 4 5 4 2 3
2432 837 4 5 4 2 3
2432 1781 4 5 4 2 3
2433 892 4 5 4 3 2
2433 1186 4 5 4 3 2
2434 1713 4 5 4 3 2
2434 1909 4 5 4 2 3
2435 188 4 5 4 2 3
2435 1786 4 5 5 3 2
2437 266 4 5 4 3 2
2437 1786 4 5 4 2 3
2437 2204 4 5 4 4 1
2437 2294 4 5 4 3 2
2438 499 4 5 4 3 2
2438 839 4 5 4 2 3
2438 929 4 5 4 3 2
2438 1621 4 5 4 3 2
2438 1647 4 5 5 3 2
2438 1811 4 5 4 2 3
2441 408 4 5 4 3 2
2441 572 4 5 4 2 3
2441 782 4 5 4 2 3
2441 2004 4 5 4 3 2
2443 524 4 5 4 3 2
2443 626 4 5 4 3 2
2443 1178 4 6 5 3 3
2443 2288 4 5 5 3 2
2444 937 4 5 4 3 2
2444 953 4 5 4 2 3
2444 1087 4 5 4 3 2
2444 1529 4 5 5 2 3
2444 2311 4 5 4 3 2
2446 161 4 5 4 3 2
2446 767 4 5 4 3 2
2446 1141 4 5 4 2 3
2446 1243 4 5 4 3 2
2446 1641 4 5 4 2 3
2447 1118 4 5 4 3 2
2447 1634 4 5 4 3 2
2449 106 4 6 4 3 3
2449 118 4 5 4 2 3
2449 1058 4 5 4 3 2
2449 1208 4 5 4 3 2
2449 1366 4 5 4 3 2
2449 1598 4 5 5 3 2
2449 2248 5 5 4 3 2
2450 1369 4 5 4 3 2
2450 1691 4 5 5 2 3
2452 417 4 5 4 2 3
2452 681 4 5 4 2 3
2452 791 4 5 4 3 2
2452 989 4 6 4 3 3
2452 1055 4 5 4 3 2
2452 1671 4 5 4 3 2
2452 1891 4 5 4 2 3
2452 2245 4 5 4 3 2
2453 514 4 5 4 3 2
2453 724 4 5 4 2 3
2453 1306 5 5 4 3 2
2453 1564 4 5 5 3 2
2453 1618 4 5 4 3 2
2453 1918 4 5 5 3 2
2453 2216 4 5 4 3 2
2454 109 4 5 4 2 3
2455 1048 4 5 4 2 3
2455 1388 4 5 4 3 2
2455 1706 4 5 4 3 2
2455 1934 4 5 4 4 1
2456 603 4 5 4 3 2
2456 1273 4 5 4 3 2
2456 1357 4 5 4 3 2
2456 1477 4 5 4 3 2
2456 2241 4 5 4 3 2
2458 533 4 5 4 2 3
2458 1501 4 5 4 2 3
2458 1679 4 5 4 3 2
2459 418 4 5 4 3 2
2459 1064 4 5 4 2 3
2459 1804 4 5 4 3 2
2459 2044 4 5 4 3 2
2461 52 4 5 4 2 3
2461 242 4 5 4 3 2
2461 370 4 5 5 2 3
2461 592 4 5 4 2 3
2461 1228 4 5 4 3 2
2461 1538 4 5 4 3 2
2461 1662 4 5 5 3 2
2461 1772 4 5 4 3 2
2461 1852 4 5 4 2 3
2462 515 4 5 4 2 3
2462 551 4 5 4 2 3
2462 779 4 5 4 2 3
2462 1909 4 5 4 3 2
2463 274 4 5 4 3 2
2463 2344 4 5 4 3 2
2464 503 4 5 4 3 2
2464 761 4 5 4 3 2
2464 1723 4 5 4 2 3
2464 2087 4 5 4 3 2
2465 824 4 5 5 3 2
2467 374 4 5 4 2 3
2467 1334 5 5 4 3 2
2468 413 4 5 4 2 3
2468 1261 4 5 4 3 2
2468 1389 4 5 4 3 2
2468 1765 4 5 4 3 2
2468 1921 4 5 4 4 1
2469 1084 4 5 4 3 2
2471 304 4 5 4 3 2
2471 818 4 6 4 3 3
2471 2306 4 5 4 2 3
2472 283 4 5 4 3 2
2473 814 4 5 4 2 3
2473 1276 4 5 4 2 3
2473 2242 4 6 4 3 3
2474 437 4 5 4 2 3
2474 1239 4 5 5 2 3
2474 1255 4 5 4 3 2
2474 1411 4 5 4 4 1
2474 1517 4 5 4 2 3
2474 1761 4 5 4 3 2
2474 1957 4 5 4 3 2
2474 2021 4 5 4 3 2
2474 2047 5 5 4 3 2
2474 2299 4 5 4 3 2
2475 584 4 5 5 3 2
2476 527 4 5 4 4 1
2476 721 4 5 4 2 3
2476 1577 4 5 4 3 2
2476 1829 4 5 4 4 1
2477 1364 4 5 4 2 3
2478 443 4 5 5 2 3
2479 124 4 5 4 2 3
2479 412 4 5 4 2 3
2479 458 4 5 4 3 2
2479 488 5 5 4 3 2
2479 722 4 5 4 3 2
2479 1348 4 5 4 2 3
2479 1618 4 5 4 2 3
2479 1852 4 5 4 2 3
2481 388 4 5 4 2 3
2481 752 4 5 4 2 3
2481 830 4 5 5 3 2
2482 389 4 6 4 3 3
2482 463 4 5 4 3 2
2482 941 4 5 4 3 2
2482 1171 4 5 4 2 3
2482 1201 4 5 4 2 3
2482 1277 4 5 4 3 2
2482 1565 4 5 5 3 2
2482 1691 4 5 5 3 2
2483 184 4 5 4 3 2
2483 412 4 5 4 3 2
2483 982 4 6 4 4 2
2483 1724 4 5 4 2 3
2484 1399 4 5 4 2 3
2486 67 5 5 4 3 2
2486 223 4 5 4 3 2
2486 531 4 5 5 2 3
2486 953 4 5 4 2 3
2486 1051 4 5 4 2 3
2486 1259 4 5 4 3 2
2486 1327 4 5 4 3 2
2486 2141 4 5 4 2 3
2486 2213 4 5 4 2 3
2487 394 4 5 4 2 3
2487 1244 4 5 4 3 2
2488 143 4 5 4 2 3
2488 1145 4 5 4 3 2
2488 1241 4 5 4 3 2
2488 2015 4 5 5 3 2
2489 176 4 5 4 3 2
2489 448 4 5 4 3 2
2489 682 4 5 5 3 2
2489 1502 4 5 4 2 3
2489 1796 4 5 4 2 3
2489 1928 4 5 4 2 3
2489 2258 4 5 4 2 3
2491 268 4 5 4 2 3
2491 274 4 5 4 3 2
2491 664 4 5 4 2 3
2491 746 4 5 4 3 2
2491 950 4 5 5 3 2
2491 1468 4 5 4 2 3
2491 1630 4 5 5 2 3
2491 1936 4 5 4 2 3
2491 2008 4 5 4 2 3
2492 401 4 5 4 2 3
2492 1249 4 5 4 3 2
2492 1319 4 5 4 2 3
2492 1579 4 5 4 3 2
2493 244 4 5 4 3 2
2494 443 4 5 4 3 2
2494 613 4 5 4 2 3
2494 1003 4 5 5 2 3
2494 1097 4 5 4 3 2
2494 1297 4 5 4 2 3
2494 1459 4 5 4 2 3
2494 1867 4 5 4 2 3
2494 2273 4 5 4 3 2
2494 2389 4 5 4 2 3
2494 2441 4 5 4 4 1
2495 424 4 5 4 3 2
2495 766 4 5 4 2 3
2496 1627 4 5 4 3 2
2497 138 4 5 5 3 2
2497 502 4 5 4 1 4
2497 866 4 5 4 3 2
2497 1664 4 5 4 3 2
2497 1834 4 5 5 2 3
2497 2014 4 5 5 2 3
2497 2144 4 5 4 4 1
2497 2168 4 5 4 3 2
2498 55 4 5 4 3 2
2498 219 4 5 4 3 2
2498 497 4 5 4 2 3
2498 793 4 5 4 2 3
2498 1121 5 5 4 3 2
2498 1649 4 5 4 3 2
2500 217 4 5 4 3 2
