# m n lo up gens time_s logN [lo>=4 or up>=5]
421 344 4 4 4 0.083000000000000000000000000000000000000 19.757208812553222031467498482018671203
421 344 4 4 4 0.12900000000000000000000000000000000000 19.757208812553222031467498482018671203
454 131 4 4 4 0.10300000000000000000000000000000000000 19.606089674231136878654359999255236703
454 131 4 4 4 0.061000000000000000000000000000000000000 19.606089674231136878654359999255236703
488 293 4 4 4 0.096000000000000000000000000000000000000 20.503691598466257515476822871280222545
488 293 4 4 4 0.13800000000000000000000000000000000000 20.503691598466257515476822871280222545
592 59 4 4 4 0.081000000000000000000000000000000000000 20.243039114715025026753252493826601092
640 317 4 4 4 0.070000000000000000000000000000000000000 19.830598766694367351939472308192943946
752 353 4 4 4 0.069000000000000000000000000000000000000 21.107142290784794821499260948168094899
797 538 4 4 3 0.86500000000000000000000000000000000000 22.659485123150036920267434845388021427
848 617 4 4 4 0.096000000000000000000000000000000000000 22.336486113956507014048702103782437395
