
[1, 1, 1]
[1, 505, 505]
[19, 1, 19]
[19, 505, 9595]
[15549, -5183, -3]
[15549, -2617415, -1515]
[295431, -5183, -57]
[295431, -2617415, -28785]
[9579, 3193, 3]
[9579, 1612465, 1515]
[182001, 3193, 57]
[182001, 1612465, 28785]
[16549319, -16549319, -1]
[16549319, -8357406095, -505]
[314437061, -16549319, -19]
[314437061, -8357406095, -9595]
[500388546, 59570065, 210]
[500388546, 1203315313, 4242]
[9507382374, 59570065, 3990]
[9507382374, 1203315313, 80598]
[171494666, -61248095, -70]
[171494666, -1237211519, -1414]
[3258398654, -61248095, -1330]
[3258398654, -1237211519, -26866]
[554193766, 197926345, 70]
[554193766, 3998112169, 1414]
[10529681554, 197926345, 1330]
[10529681554, 3998112169, 26866]
[1709414574, -203501735, -210]
[1709414574, -4110735047, -4242]
[32478876906, -203501735, -3990]
[32478876906, -4110735047, -80598]
