
[1, 1, 1]
[1, 10, 10]
[1, -77, -77]
[1, -770, -770]
[4929, -62, -318]
[4929, -155, -795]
[4929, 4774, 24486]
[4929, 11935, 61215]
[456289, -11129, -41]
[456289, -111290, -410]
[456289, 856933, 3157]
[456289, 8569330, 31570]
[2340321, 718, 13038]
[2340321, 1795, 32595]
[2340321, -55286, -1003926]
[2340321, -138215, -2509815]
[16769, 409, 41]
[16769, 4090, 410]
[16769, -31493, -3157]
[16769, -314930, -31570]
[82654401, -25358, -13038]
[82654401, -63395, -32595]
[82654401, 1952566, 1003926]
[82654401, 4881415, 2509815]
[4551761, -4551761, -1]
[4551761, -45517610, -10]
[4551761, 350485597, 77]
[4551761, 3504855970, 770]
[23346129, 293662, 318]
[23346129, 734155, 795]
[23346129, -22611974, -24486]
[23346129, -56529935, -61215]
[8969, 17938, 2]
[8969, 44845, 5]
[8969, -1381226, -154]
[8969, -3453065, -385]
[44208201, -278039, -159]
[44208201, -2780390, -1590]
[44208201, 21409003, 12243]
[44208201, 214090030, 122430]
[4092456041, -199632002, -82]
[4092456041, -499080005, -205]
[4092456041, 15371664154, 6314]
[4092456041, 38429160385, 15785]
[20990339049, 3219871, 6519]
[20990339049, 32198710, 65190]
[20990339049, -247930067, -501963]
[20990339049, -2479300670, -5019630]
[150401161, 7336642, 82]
[150401161, 18341605, 205]
[150401161, -564921434, -6314]
[150401161, -1412303585, -15785]
[741327322569, -113717951, -6519]
[741327322569, -1137179510, -65190]
[741327322569, 8756282227, 501963]
[741327322569, 87562822270, 5019630]
[40824744409, -81649488818, -2]
[40824744409, -204123722045, -5]
[40824744409, 6287010638986, 154]
[40824744409, 15717526597465, 385]
[209391431001, 1316927239, 159]
[209391431001, 13169272390, 1590]
[209391431001, -101403397403, -12243]
[209391431001, -1014033974030, -122430]
