
[1, 1, 1]
[1, 219, 219]
[97, -3, -291]
[97, -73, -7081]
[8257, -49542, -6]
[8257, -1205522, -146]
[800929, 16514, 194]
[800929, 3616566, 42486]
[5905, 5905, 1]
[5905, 1293195, 219]
[572785, -17715, -291]
[572785, -431065, -7081]
[48757585, -292545510, -6]
[48757585, -7118607410, -146]
[4729485745, 97515170, 194]
[4729485745, 21355822230, 42486]
[1249, 7494, 6]
[1249, 182354, 146]
[121153, -2498, -194]
[121153, -547062, -42486]
[10312993, -10312993, -1]
[10312993, -2258545467, -219]
[1000360321, 30938979, 291]
[1000360321, 752848489, 7081]
[7375345, 44252070, 6]
[7375345, 1076800370, 146]
[715408465, -14750690, -194]
[715408465, -3230401110, -42486]
[60898223665, -60898223665, -1]
[60898223665, -13336710982635, -219]
[5907127695505, 182694670995, 291]
[5907127695505, 4445570327545, 7081]
