# m n a b d |T| nrat_Y nDeg nImp nPCP Y_list q verdict
8 3 55 48 73 16 3 5 4 0 "[-73, -55, -48, 48, 55, 73]" 48/55 CLOSED-no-PCP
88 35 6519 6160 8969 16 3 5 4 0 "[-8969, -6519, -6160, 6160, 6519, 8969]" 6160/6519 CLOSED-no-PCP
205 66 37669 27060 46381 16 3 5 4 0 "[-46381, -37669, -27060, 27060, 37669, 46381]" 27060/37669 CLOSED-no-PCP
341 208 73017 141856 159545 16 3 5 4 0 "[-159545, -141856, -73017, 73017, 141856, 159545]" 141856/73017 CLOSED-no-PCP
451 152 180297 137104 226505 16 3 5 4 0 "[-226505, -180297, -137104, 137104, 180297, 226505]" 137104/180297 CLOSED-no-PCP
506 47 253827 47564 258245 16 3 5 4 0 "[-258245, -253827, -47564, 47564, 253827, 258245]" 47564/253827 CLOSED-no-PCP
538 279 211603 300204 367285 16 3 5 4 0 "[-367285, -300204, -211603, 211603, 300204, 367285]" 300204/211603 CLOSED-no-PCP
592 539 59943 638176 640985 16 3 5 4 0 "[-640985, -638176, -59943, 59943, 638176, 640985]" 638176/59943 CLOSED-no-PCP
737 574 213693 846076 872645 16 3 5 4 0 "[-872645, -846076, -213693, 213693, 846076, 872645]" 846076/213693 CLOSED-no-PCP
834 361 565235 602148 825877 16 3 5 4 0 "[-825877, -602148, -565235, 565235, 602148, 825877]" 602148/565235 CLOSED-no-PCP
943 206 846813 388516 931685 16 3 5 4 0 "[-931685, -846813, -388516, 388516, 846813, 931685]" 388516/846813 CLOSED-no-PCP
988 321 873103 634296 1079185 16 3 5 4 0 "[-1079185, -873103, -634296, 634296, 873103, 1079185]" 634296/873103 CLOSED-no-PCP
