# m  n  cond
2 1 21
3 2 1785
4 1 4830
5 4 6510
6 1 113505
7 2 130305
7 4 945714
8 1 155946
8 7 2586990
9 2 1070223
9 4 374010
10 7 30343215
10 9 9131115
11 4 7579110
11 10 55392645
12 1 17051034
12 5 853230
13 6 2028117
14 9 121423785
14 11 103071045
15 2 149973915
16 1 32640510
16 7 7077882
16 9 10986990
17 2 371131845
17 4 520098306
17 6 41276697
17 12 2151042810
17 14 2411798109
18 5 255649485
18 11 774451293
18 17 666374415
19 6 198739905
19 8 5275578
19 14 5613509055
19 18 983821083
20 1 628827990
20 9 266419230
20 11 1184214570
20 13 383393010
20 17 8492990730
21 4 544071570
21 20 6060742590
22 5 455198205
22 7 3160621695
22 9 74381307
22 19 17577598269
23 6 5676518841
23 8 246904770
23 10 1359623265
23 12 8313729270
23 20 24618949530
24 11 2154922770
24 19 2750438670
25 6 133523355
25 8 27999510
25 18 3248086485
25 22 9229372845
25 24 301895790
26 3 10939845189
26 7 14870937081
26 9 3132698205
26 15 35617637055
26 17 18008764683
27 8 1019847990
27 10 981626835
27 14 3217394271
27 16 1483612746
28 15 46148239410
28 23 130876689090
28 25 21533422470
29 12 168940254
29 16 119784210
30 1 10850044485
30 13 1507698465
30 19 22144238655
30 23 226136318205
31 2 3816333213
31 6 12340131405
31 14 9307291665
31 16 21288474690
31 18 7106271081
31 24 147940459590
32 1 2132817918
32 5 994117110
32 11 6353007738
32 19 26178757878
32 23 14586150810
33 2 41526674805
33 14 11619302541
34 1 26102788635
34 9 8564553165
34 13 42035908551
34 19 266347416615
35 6 154473340245
35 12 105096776610
35 16 21396227370
35 34 232356479145
36 1 12990204570
36 13 4948266414
36 19 15184491630
36 23 227997258762
36 35 94609302690
37 6 233744993139
37 8 43538938590
37 10 172187085
37 12 5532869370
37 20 448678424670
37 22 672541336005
37 30 1225583129505
37 32 8242283910
37 36 114925934802
38 11 4614739437
38 13 40907560785
38 21 616786417779
38 31 1512744544689
38 33 1372022620815
38 37 83323626855
39 2 134711370339
39 4 254464072590
39 8 28143181794
39 14 40741882545
39 16 4215281070
39 22 831595315551
39 32 231937249362
39 34 1669736218605
40 13 19970547870
40 27 102088838670
40 31 379149476370
40 37 744293187330
40 39 299724578790
41 6 498545548935
41 34 548691291015
41 36 811293342090
42 1 114812506599
42 17 14369283915
42 37 2916809363685
43 2 89237092245
43 6 100925042043
43 16 9807123606
43 20 178363964310
43 28 2990383550070
43 30 3523153346895
43 32 13972850430
43 34 1362628398747
44 7 924483195174
44 31 37534166670
45 4 33634801410
45 8 195734528430
45 14 337546165845
45 22 393022241535
45 28 1253617234590
45 32 218990741970
45 34 1907587040205
45 38 1880853355815
46 1 4258594095
46 7 1283810047611
46 17 212362382127
46 25 525869266335
46 29 934208700915
46 31 5599802354685
46 33 908951976933
46 35 254347097235
46 39 6681961826085
47 16 94984898442
47 24 1115735580582
47 26 3393574072161
47 30 5757555204555
47 32 851447226210
47 36 2733744894342
47 40 3940447979370
47 44 4807817708694
48 5 339350461170
48 13 499710068130
48 23 84490064610
48 43 1976068013010
49 2 95760991347
49 4 61599663930
49 6 260616143865
49 8 158581299534
49 18 52437796761
49 20 22747508070
49 22 15965504247
49 24 33745607070
49 32 5667994038
49 46 928750897515
50 1 11129476785
50 3 228490001565
50 11 83173325235
50 13 189068548305
50 27 110339294835
50 33 2071839077385
50 37 2596781898165
50 39 2720693870895
50 43 2528635543035
50 47 1504833739815
50 49 27720229845
51 38 15342399035691
52 1 512705629254
52 15 3588644997210
52 19 1834630063266
52 31 10334313864966
52 37 16727461353330
53 6 3212022044931
53 20 98302352610
53 28 52404480870
53 38 19740752731245
53 44 1017470455386
54 1 74206230945
54 5 49970610795
54 17 472970026641
54 25 70149927435
54 29 198714662895
54 31 1343081768385
55 4 2932730606190
55 6 598763297055
55 14 6133786269765
55 16 1391903502990
55 26 165577206795
55 32 263704326270
55 36 7241765160630
55 38 24737301089655
55 54 12946160535
56 1 430810239090
56 3 1269373710822
56 23 134877592542
56 25 587768370
56 31 1382727977610
56 39 14524138566210
56 47 5459270319174
57 2 1938070853565
57 4 3775679230386
57 8 483038389470
57 10 1104728259495
57 26 589672989633
57 32 423964763670
57 40 16988669852070
58 1 157385073993
58 15 9320283125265
58 17 241119765285
58 23 64362235035
58 25 360568684245
58 39 35581119146391
58 45 14826925575735
58 47 44693822569935
58 55 21946934242695
58 57 268005245655
59 6 6931053021165
59 18 3048346544397
59 20 7131119276190
59 30 13408255033215
59 32 264841827978
59 34 4986004609005
59 42 45980498395461
59 48 12789553555086
59 52 44156708429106
59 58 100796623473
60 19 9771580291830
60 23 78421700910
60 29 10797450045270
60 31 16870845867330
60 37 776446162170
60 47 58593585121890
60 53 50086144687110
61 4 6097109100810
61 8 5541711403242
61 16 1154887228110
61 24 1516927239870
61 26 1906536273915
61 28 7632664727226
61 44 61393977328530
61 46 65119154861985
62 5 8405832692145
62 23 6748822438995
62 25 375187181145
62 27 436245616905
62 41 58195832911251
63 26 100392798597
63 32 938064836310
63 44 24986617633362
63 50 5789129355555
63 58 1776602902305
63 62 198593145345
64 3 17651695782
64 5 658013683110
64 13 1291838714166
64 15 187437818190
64 23 665574512946
64 29 601092068010
64 31 164292603090
64 35 792341575410
64 43 4878395642694
64 45 1794846170670
64 47 5788107901086
64 51 6157509449910
64 57 460969709046
64 59 4111415541030
64 61 15901193910
64 63 346773831978
65 8 8780549398530
65 14 503950805085
65 18 93808146705
65 46 14103851906235
66 5 13093148160015
66 17 3749935885773
66 19 24221946860265
66 25 1865535687015
66 47 112820321669979
66 49 17166860413395
66 59 4081021353255
67 2 860420254785
67 10 25683052202115
67 14 1111888882083
67 18 1378868280195
67 22 7230960185295
67 24 7816229340738
67 30 11828900381655
67 34 747500299161
67 36 16783820117022
67 38 64565104649115
67 46 118347596619231
67 50 9091619195295
67 52 141066700486530
67 54 1433855103681
67 64 552148483782
68 3 9947353855530
68 35 44915184119190
68 47 135169123425630
68 49 6960350637786
68 55 159653802177870
68 63 34131304404330
68 65 68767626774210
69 2 7402597163409
69 4 14543540294010
69 34 38137648819935
69 50 33150258024555
69 56 3584138531610
69 64 7117864648230
69 68 28296452883174
70 1 4111833750465
70 3 12194610494955
70 9 10947283290195
70 11 1394740137945
70 13 41050093398405
70 17 42790854624945
70 39 84839100884265
70 53 2693065947915
70 57 200768905683255
70 59 194022694569165
70 61 60027302786745
71 2 1292091688293
71 4 3557475022710
71 10 1455026367165
71 16 12049884732270
71 18 15791152735113
71 20 44395942955910
71 22 5596235446263
71 24 15828738380490
71 38 3413188771377
71 52 30236854975782
71 56 112866768156030
71 62 66811278389793
71 66 140217148762845
71 68 93682208799186
72 1 834755932794
72 5 4039014272370
72 17 8971402992090
72 47 6200712840210
72 53 1589251397790
72 65 32422896605190
72 67 25871759583810
73 8 750355348470
73 10 16039010989995
73 18 19887154181895
73 26 10657715975907
73 28 6108596930730
73 30 299050442565
73 34 37428314891331
73 36 20067707044938
73 46 20848007771661
73 58 282232078489095
73 66 2091487047573
73 68 3502053985710
73 72 7016655867690
74 1 1213575006315
74 5 29411814531435
74 7 1477384078947
74 15 65993273917305
74 31 3441347867895
74 35 48231895757955
74 39 100866432820335
74 43 52599332986473
74 45 62144367175695
74 47 2164215673389
74 49 6870898486515
74 51 10569592876395
74 57 310955230111281
74 65 91241874566115
74 69 27061146827715
75 2 2656398120915
75 14 14287631251845
75 16 3715266552270
75 22 13181937156465
75 34 6880919054205
75 38 2554969150545
75 58 69415814222265
76 9 19841508217230
76 11 68983526001390
76 17 83050425400026
76 25 11835103410690
76 31 1855298173890
76 41 46933052769330
76 45 6358930977630
76 47 34868678108502
76 49 175887495210
76 53 335204060498286
76 61 389400821726910
76 67 111470657255958
76 73 152419840409046
76 75 11183694717930
77 8 29697906987210
77 12 80316729563070
77 32 56944574610
77 34 28953612730119
77 36 19844603556162
77 40 21339266438490
77 50 6972225405915
77 52 69377704706310
77 58 46585736330595
77 60 430148271886410
78 29 5948870305287
78 31 17703057739731
78 41 151526289675579
78 55 421638431259045
78 71 351159855701109
79 2 708066911937
79 4 7544064748710
79 6 55298879812785
79 14 105799238138685
79 20 37117662496530
79 28 61604197081266
79 34 6831793330215
79 42 16200363226971
79 46 10735477101195
79 50 71542483731705
79 56 26193284364030
79 62 75655826534253
79 72 64278668957286
79 76 200980192935270
80 3 7787014442130
80 7 17374151700570
80 9 7176392440770
80 11 25091552776290
80 13 27945193378830
80 19 10413862944870
80 23 28257331009530
80 37 6040742545110
80 47 10970470524090
80 53 12479927214930
80 61 143940368712210
80 71 40912210511970
80 79 20065483909590
81 2 843674889183
81 8 1579994761926
81 14 4727650984665
81 26 3877031873715
81 32 17961298698
81 40 33590890410
81 52 16873647978642
81 58 3101806406139
81 68 23234759103738
81 74 17166192969765
81 76 13510226459310
82 3 5291848611735
82 5 60705408212295
82 7 16566316612545
82 15 8507581557405
82 29 11981395049673
82 35 7124576922645
82 39 10465755789489
82 43 8926404684015
82 51 456555681678831
82 57 122318785433985
82 59 651966478564359
82 67 710596580541855
82 69 98530687316607
82 71 216790578618537
82 73 196768747924455
82 75 101438307071115
82 79 262238199878739
83 2 1000956366165
83 14 153193758631809
83 20 55806088764090
83 22 161906607581565
83 24 75395483976162
83 32 6017643932790
83 40 70747491719730
83 44 260618905392846
83 46 323709537554319
83 56 35048084944278
83 60 723831137219190
83 62 757257347118615
83 64 6959108817318
83 76 554379137094174
83 82 104022181321905
84 55 643698926198790
84 73 780603015647994
85 22 66082033639545
85 32 3112894083390
85 56 359641738870890
85 74 853679588926395
86 13 63601157242623
86 17 217989606484041
86 23 71323385262213
86 27 1157625618387
86 33 67670618362809
86 49 7698088016745
86 75 186506570077905
86 77 280507779557313
86 83 4047418307751
87 4 74336855475246
87 10 171412706264415
87 20 245016490681830
87 22 240998148536145
87 32 13477370890830
87 38 358869878745
87 44 17049865112742
87 52 640448326105770
87 68 1143997096680690
87 76 1017537782966166
87 80 195676408258170
88 1 10207655793258
88 3 30401606144910
88 5 49933761059490
88 21 133857472554498
88 29 31710491346534
88 31 75131671224918
88 57 64770858377610
88 63 37913246838390
88 65 2233194853890
88 67 616316335410930
88 81 1212215286282
89 12 232227989271894
89 24 140019849581430
89 26 86818981058355
89 30 4750263511035
89 32 241135811994
89 38 41621735685369
89 46 44026324855485
89 52 705694295173686
89 54 89989492457865
89 62 131446014103509
89 68 1353208721062254
89 74 1348796670079215
89 76 1294224954032010
89 82 308094383682057
89 86 94053194303565
90 7 53452642850355
90 31 5984070923985
90 59 53403938703255
90 83 334311885322905
91 4 4432916170410
91 6 150331119241485
91 8 32601346972194
91 18 114221117572653
91 30 22593389133315
91 32 24758005046502
91 40 50842419954690
91 46 137993356422285
91 54 99312244677555
91 58 1132181928738861
91 60 1243852005284070
91 62 449108997360933
91 64 10000022893770
91 76 51708058903410
91 90 66280532489535
92 3 83054820319590
92 5 19512383135910
92 9 2520163635402
92 11 10242605599842
92 27 37519311623430
92 55 143173242894990
92 57 1132211083887870
92 59 1258022736130314
92 63 495743112942630
92 65 176138321450910
92 67 333664323552210
92 75 357266160553890
92 91 214741936467786
93 2 59975384399385
93 14 355885905456879
93 20 415857405603570
93 50 139189419083715
93 58 1260730894975755
93 70 1897143486670005
93 76 149620700640138
94 3 96578806136631
94 9 91086929832255
94 13 1937319059949
94 15 401865289145355
94 23 150590193468897
94 27 4152281505141
94 43 233456383848849
94 45 17273887628235
94 61 1544953053554295
94 63 560079479580663
94 67 212574617274369
94 73 2118314113462659
94 75 32824356775665
94 79 2060474568416565
94 81 14544988011645
94 83 1820535187584729
94 87 1377634547420061
95 2 69617166966795
95 6 203674725961665
95 16 16102658248530
95 24 243647535375930
95 28 434165017950930
95 32 13706844314730
95 46 61793604488805
95 52 128604010907190
95 54 118301395380735
95 58 464728538375115
95 64 115725064209090
95 66 1982654162235285
95 84 1970713245822090
95 88 744065580260310
95 92 748306633566030
95 94 29905772814435
96 1 4692979869690
96 13 53361187781538
96 17 62862492878682
96 29 2281354078290
96 41 9624237843990
96 55 149519393670570
96 61 215146759015230
96 67 38856927763374
96 85 266421568895790
96 95 36216816025530
97 2 26852647054695
97 12 433646593019430
97 14 484828064016051
97 16 4876061771238
97 18 185968676746335
97 22 117017937785595
97 32 51678251169090
97 36 80480201969958
97 48 21403517802870
97 50 22190250906705
97 52 320223275465730
97 56 223406545021926
97 62 1902710239645845
97 74 896930614233213
97 78 548224780135305
97 84 2492612267908854
97 94 867869427177669
98 5 30441002897865
98 11 62269923970023
98 19 29325352703829
98 25 17791308770865
98 27 378418491255
98 29 79129097290257
98 31 70864450005363
98 39 15235111354827
98 55 61571076369495
98 59 243358888314633
98 71 3350043108321
98 75 83666606862405
98 79 424847121808893
98 83 405831966411585
98 87 355224212766885
98 89 105361400508441
98 93 206000682850095
98 95 133364249135565
99 4 2670816356670
99 8 59315929218546
99 26 8888347252785
99 34 142664015338845
99 38 9902452095921
99 40 250197502170
99 76 212232667700130
99 80 268617114281670
100 3 29811170078130
100 7 67610756664570
100 9 28312762156770
100 17 45532932171090
100 19 5322641873430
100 29 133462305536910
100 31 17318325651270
100 33 105409590670230
100 41 6704797961190
100 43 26361276011070
100 47 14469389472090
100 69 45323429863530
100 73 72493652232330
100 79 699372610561590
100 87 627829349977830
100 97 215555664881130
