# m  n  cond
4 3 22134
5 2 4305
7 6 1880151
8 3 237930
8 5 1902810
10 1 1551165
10 3 6389565
11 2 5042037
11 6 28608195
11 8 34769658
12 7 76604010
12 11 104995506
13 8 88012470
13 10 281832915
13 12 37720410
14 1 50833965
14 3 109614351
14 5 19233795
15 4 183591870
15 8 153009570
15 14 534577155
16 3 1566474
16 5 64127910
16 11 34874070
16 13 374331594
16 15 213378270
17 8 11913090
17 10 6199305
17 16 330818334
18 1 99838977
18 13 1178768955
19 2 825307959
19 4 1257524310
19 10 630445935
19 12 3979033086
20 3 1624382130
20 19 4268745390
21 2 1687769601
21 8 462875322
21 10 2152560795
21 16 3242879430
22 3 13320615
22 13 3422804385
22 15 15748659465
23 2 645193815
23 4 601258686
23 16 5866683186
23 18 9103142055
23 22 3878941605
24 1 226541490
24 5 4066396530
24 23 7890913002
25 2 129596145
25 12 1856260770
25 14 4593974385
25 16 619721970
26 1 88319595
26 5 15072645315
26 11 217222005
26 19 22742894265
26 21 72959568045
26 23 8845899153
26 25 5593727685
27 20 10444029330
27 22 1560773445
27 26 4068697269
28 1 742922754
28 3 3726330510
28 5 26441791530
28 9 7091938518
28 11 6137657526
28 13 16986384870
28 19 35749481502
29 2 1853143761
29 4 5998485570
29 8 17505121578
29 10 22851510045
29 20 7010314710
29 24 12301087470
29 26 139764619995
29 28 1486804074
30 7 48948758355
30 11 22010461935
30 29 1893024735
31 4 5413201710
31 8 31065591102
31 12 17316525786
31 20 212670886890
31 22 88537837773
31 28 229099468206
32 3 6049568490
32 7 2047284330
32 9 450597462
32 13 287515410
32 17 2297362830
32 25 9579188010
32 27 301832790
32 29 36206975658
33 4 76599085794
33 8 10443008730
33 16 3308473938
33 26 491504412399
33 32 19117608510
34 3 74524768521
34 5 111858936735
34 7 14620504101
34 11 33013680315
34 15 5888966685
34 21 390019174545
34 27 69437423559
34 29 196166521635
34 31 64677927405
34 33 189101963589
35 2 62873484135
35 4 117067071030
35 18 73394464395
35 24 327259411710
35 26 250710831735
35 32 70029189930
36 5 56655117330
36 7 68138207382
36 11 11684629110
36 17 49726620678
36 29 328770763230
36 31 303424713690
37 2 92995917105
37 14 1956213273
37 16 13432171494
38 1 8132951463
38 3 164182277595
38 5 251972248605
38 7 102848296845
38 9 107983730883
38 15 64744606815
38 23 126712849935
38 29 497715769257
38 35 1023470205765
39 10 55848140985
39 20 514554705210
39 28 1700827302174
39 38 500924342919
40 1 5825844570
40 3 118068794130
40 7 227128548570
40 9 11646136110
40 17 4167000390
40 19 182508429390
40 21 360002773410
40 23 183808079490
41 2 191518016781
41 4 121267811910
41 8 1334710146
41 10 1726507335
41 12 527116913526
41 20 550755689190
41 22 327796358043
41 24 720892888170
41 26 270541357905
41 28 2299963630146
41 30 2613700836285
41 38 1782218805801
41 40 13224761970
42 5 519979615995
42 11 700493810709
42 13 588516964035
42 19 324014422179
42 23 1316724540495
42 25 12008414355
42 31 3207616067271
43 4 510991931814
43 8 416454362310
43 10 872175955035
43 12 810277819890
43 18 2780865255
43 22 1108210258155
43 24 866923548078
43 38 128871116745
43 40 1260385104930
43 42 1000832929845
44 1 3118862670
44 3 463404532206
44 5 103853379630
44 13 916500771186
44 15 669154870230
44 17 32482094106
44 19 13823550510
44 21 815068764510
44 23 1507129242234
44 25 450119644590
44 37 175727123418
44 39 4132690491930
44 41 2979236496390
44 43 168261583182
45 2 122837622915
45 16 56029236270
45 26 961676205945
45 44 65762278890
46 3 90620816937
46 5 1000498156665
46 13 1374109866129
46 15 1090465846995
46 19 2089557015
46 21 149993073195
46 37 2337077934093
46 41 5758769135595
46 43 4113744262761
46 45 537837760005
47 2 23819670735
47 6 1349303604369
47 10 1766511127815
47 14 1536689932701
47 20 24743487930
47 22 4735769115
47 28 918296716470
47 34 283739819727
47 42 6758938646985
47 46 1878793578291
48 1 10451526582
48 7 438833197110
48 11 75133651362
48 19 99293366046
48 29 1428165879294
48 31 1761807058746
48 35 2294305095810
48 37 2437386366030
48 47 545152898010
49 10 349054877535
49 12 351787453962
49 26 110406137205
49 30 1007190355395
49 36 520987475190
49 40 275206493310
49 44 1315985491590
49 48 90109575318
50 9 26133291555
50 17 375592044135
50 19 196158053805
50 21 36865355205
50 23 35388929415
50 29 1360992594045
50 31 63978466965
51 2 126823546353
51 4 1718010702870
51 8 1493258731062
51 10 3325637860755
51 14 3215264309985
51 16 678247403190
51 22 93967027077
51 26 849355652145
51 32 1313657139018
51 40 7986622133490
51 44 14698700563470
51 46 12390545525295
51 50 669624823245
52 5 2405375861070
52 7 1050021933870
52 9 1228389127602
52 11 1320654973638
52 17 2888893619430
52 21 434081640174
52 23 257798975070
52 27 17536343370
52 29 292671586662
52 35 14888449176510
52 43 6139286050170
52 45 5677886276790
52 49 1427035486422
53 2 1163018336865
53 4 322325661462
53 8 661076177790
53 10 1487237807895
53 12 4647729720270
53 14 4484078688999
53 16 985426490874
53 18 1001522092515
53 22 8837425905
53 24 1054949020818
53 26 497365494171
53 30 9816373140945
53 36 11555395278
53 40 10582905417630
53 42 21782580380715
53 48 4116358344210
53 50 2292331188315
53 52 4394397208110
54 7 460472347671
54 11 590366812035
54 13 597244298469
54 19 337483043835
54 23 77820026361
54 35 2029261713045
54 37 2331025133619
54 41 2746739981895
54 47 2518684464849
54 49 300008521785
54 53 11371880499
55 2 1508361902355
55 24 785540431830
55 28 855943881870
55 34 18339189569085
55 46 9497022486105
55 52 14971428241770
56 5 2039355292170
56 9 1067149265910
56 13 3608862521082
56 15 3454831302510
56 19 468317938830
56 27 338758614138
56 29 546895050870
56 33 8956107342798
56 37 12860458441782
56 43 5562228317646
56 51 12353831250810
56 55 3242157356130
57 14 8251231992171
57 16 1921333369746
57 20 4739278935930
57 22 2349381643455
57 28 8089848797730
57 34 21584695555059
57 50 6815723771535
57 52 28143278782710
58 3 141309409395
58 5 1744978701585
58 7 6951441769545
58 9 395305706859
58 11 9195690229341
58 13 3185525011305
58 19 6884006758629
58 21 4645781992131
58 27 657061789755
58 31 1717869854631
58 33 4127035077165
58 35 25853885912715
58 41 13198534173363
58 43 42667541899395
58 49 120285098493
58 51 38838665391099
58 53 31980178932765
59 2 2468656603119
59 4 1605965173890
59 10 1430372861085
59 12 1540836677982
59 14 3645973290435
59 16 520294124910
59 22 161568564927
59 24 430682384370
59 26 3323104349565
59 28 8114715751254
59 36 10265201593710
59 38 36437184456099
59 44 49272600828990
59 46 51123542055495
59 50 3265112496135
59 54 4028517315795
59 56 12409485715830
60 7 8876932585710
60 13 12495299852490
60 17 11484440931810
60 41 48443853860430
60 49 8343514620210
60 59 10555140900570
61 2 1039706519187
61 6 8795882681355
61 12 28058201598
61 14 2862349453635
61 18 4175749745643
61 20 380810338230
61 34 448665977865
61 36 2380238512890
61 40 24990922151790
61 48 16743631920834
61 50 13301993407395
61 52 21082513917738
61 54 6298264114485
61 58 31540227597291
61 60 1078318988670
62 1 585867224103
62 3 5196049986855
62 7 11239827652515
62 9 4519620046767
62 11 15234811803519
62 13 461533132515
62 15 16218424965435
62 17 5117337472695
62 19 71428142499
62 21 10632792751329
62 35 3781380967665
62 45 3362513004795
62 47 74544501148005
62 49 10908083405037
62 51 75557212525641
62 53 3410723851395
62 55 21337678497135
62 57 52150436497635
62 61 13304079331431
63 2 1303740139065
63 8 8077328490
63 10 5436192248445
63 16 1516124633898
63 20 4787263195890
63 40 9845048008110
63 46 26993176104993
64 1 45734709930
64 7 882470616594
64 9 356366284890
64 17 46781160762
64 19 380164283310
64 21 941581370310
64 25 62750161110
64 27 12267603894
64 37 48025255782
64 39 734686764630
64 41 4299088520370
64 49 865313477070
64 55 1901239731930
65 2 1623256835655
65 4 9545534404770
65 6 13836969055455
65 16 31194511530
65 22 15555335811015
65 24 221559726570
65 34 11437130890185
65 38 6361384286985
65 48 26406968889210
65 56 1555928744370
65 58 91066141162815
65 62 49762087896885
65 64 1160580578430
66 7 17606521827741
66 13 26200270895799
66 29 7731346413945
66 31 18124082214315
66 35 41736640301895
66 37 54456299962449
66 41 16021892708745
66 43 13178727551913
66 61 82359860189145
67 4 3940024190802
67 6 17169616423029
67 12 28459450725090
67 16 7556277935766
67 26 7973063160699
67 28 1218016163910
67 40 4383831814530
67 42 18594312132585
67 56 69140578135398
67 58 101387498415
67 62 91910180968935
67 66 22995328732761
68 1 3356406742206
68 5 5391604184610
68 7 4360696384170
68 11 30379864969146
68 13 174211026990
68 15 34077717947490
68 19 4522731799782
68 21 27897672036486
68 23 7455615342630
68 25 430429605690
68 27 670403434890
68 29 4640342583786
68 31 5607283401258
68 37 60299873445210
68 43 21501130845390
68 45 40692011478510
68 53 14468386725870
68 57 6203844872610
68 59 48209729372322
68 67 2836462600230
69 8 13510136260698
69 16 1369473030870
69 20 4900827936270
69 28 3403945630806
69 32 2854890141222
69 38 71738844122589
69 40 44665405762110
69 44 24776850397530
69 52 15855940606506
69 58 173628836190579
69 62 141939793013361
70 23 30743336730855
70 27 1361532460155
70 31 14188548668385
70 41 6137003043255
70 47 53201376554235
70 51 17046906349935
70 67 84636119582805
71 6 25931094053865
71 8 5531379214074
71 12 43969178791146
71 14 47008006182165
71 26 7282041040365
71 28 3263121277878
71 30 4408925743635
71 32 2573506611858
71 34 38528109541005
71 36 19315972587030
71 40 49892994528090
71 42 121322324175969
71 46 1551751905795
71 48 45433676307894
71 58 224508168147081
71 60 216430487004270
71 64 1218127900290
71 70 34612333381815
72 7 5467700562870
72 11 64935921666
72 13 8467203623970
72 19 8673790087326
72 23 981909725370
72 29 1075088377986
72 31 1644450820026
72 35 8087694577410
72 41 56744585562
72 43 23419733554770
72 49 446738791422
72 55 41369655333930
72 59 41767368731634
72 71 6366523549386
73 2 2197879215945
73 4 21631822640274
73 6 31585530701991
73 16 15019383628914
73 22 51188084128335
73 32 2070729168270
73 40 54988266825030
73 42 136039476903855
73 44 54047159388222
73 48 962671065510
73 50 46762428042015
73 52 10113536834310
73 54 29770002030489
73 56 139041807487842
73 60 279248141535090
73 64 5147917560282
73 70 114283642578105
74 3 18017568845661
74 9 527984269995
74 11 18907498058295
74 17 67127531852199
74 19 9377902630635
74 21 61388446486395
74 23 54247019313921
74 25 420606459735
74 29 103593326865
74 41 129064210721985
74 53 284592080409189
74 59 314732407407915
74 61 34515912807285
74 63 99138635895453
74 67 238200415383651
74 71 125963454623055
74 73 6619613357847
75 4 5233345245870
75 28 5891540617410
75 32 258226385970
75 52 59588475975210
75 56 33642878604510
75 62 69001083768435
75 64 4120142433330
76 1 1462744896690
76 3 3104079710802
76 5 1315129348470
76 7 48240074036406
76 13 25421639466678
76 15 81048289028070
76 23 23401724733618
76 27 709284328242
76 29 26777234109570
76 35 45945815911170
76 37 75642030761934
76 39 107428485399690
76 43 175163356212306
76 51 8792478469110
76 55 358323642394410
76 59 42968579608290
76 63 127521349850622
76 65 364742052705030
76 69 289999591872270
76 71 32840970878310
77 6 46111655202459
77 10 70928273334765
77 18 30727178744955
77 20 89759165872530
77 24 37081928789598
77 30 22922882816295
77 38 92719227445845
77 46 240698210507601
77 54 41814250385061
77 62 432079486389705
77 64 26472645052854
77 74 9843733070787
77 76 20438023849782
78 1 8772680978061
78 5 42655970716905
78 7 58041321329355
78 19 101639723722719
78 23 89612704816635
78 35 41133118327665
78 37 75417873622455
78 43 17472470170155
78 49 45111171842373
78 53 78030077513115
78 59 466809926740521
78 61 477668135397999
78 77 126937425615
79 8 123456771102
79 10 85422016184295
79 12 97041395040954
79 16 9276454097610
79 22 105362029320009
79 24 6794717143830
79 26 80548294973055
79 30 5477986719555
79 32 1363330302558
79 36 377914177830
79 38 31289627443893
79 40 67474478026410
79 44 222945923233110
79 48 78409682700006
79 52 44390983896714
79 54 9730437979395
79 58 498966016562769
79 60 518857145659230
79 64 33095076304290
79 66 516923970568005
79 68 70000258722702
79 70 148963870644645
79 74 14493903427605
79 78 138857253171
80 1 96984194370
80 17 10369972983090
80 29 15110115188910
80 31 1199802615270
80 33 575425234230
80 39 28795145714790
80 41 3652292353710
80 43 52098954047070
80 49 12729424568070
80 59 138798137696190
80 63 48854091175890
80 69 134799132973890
80 77 3233321643090
81 4 1665720341670
81 10 3791326526715
81 16 1249697442630
81 20 5075491130430
81 22 4858673857653
81 28 3105334992522
81 38 3416216037843
81 44 359190837390
81 50 2992039965285
81 56 2030314982430
81 62 23625634839807
81 64 1499989953210
81 70 21946546000995
81 80 811129329570
82 9 34277596868697
82 11 120146088529929
82 13 134241459712815
82 17 50288426453265
82 19 50853744659067
82 23 141081762267285
82 27 12043591960785
82 31 53947780844349
82 33 2683137283365
82 37 22054311679155
82 45 93585454973115
82 49 56934487245867
82 53 56926695882945
82 63 235213445838945
82 77 398644856733585
82 81 3537407206263
83 4 53391805479894
83 6 78445788380421
83 8 10155093320190
83 10 122093323147635
83 12 19927068181230
83 18 7979850506355
83 26 133898975734251
83 28 111142713045210
83 30 82524303430905
83 34 390038453259
83 36 12341523006078
83 38 2639217421995
83 42 7983545858085
83 48 96965716160670
83 52 57194979280530
83 54 63876198256059
83 58 136217654293665
83 66 788267783669289
83 68 781648702765770
83 70 252439471378185
83 72 118824438766110
83 74 215375190740367
83 78 435173075898015
83 80 10211647395390
84 1 14739881984310
84 5 71949388810110
84 17 181841368025814
84 23 174469393106106
84 29 112714160690670
84 31 79561331310090
84 41 6869217431370
84 43 235785605522334
84 59 151428077430630
84 61 47194164269490
84 65 859669727850570
84 67 867605041610286
84 71 830508388052070
84 83 113176511728014
85 2 31933540117185
85 4 47712560910
85 12 2338651854210
85 14 628666813005
85 28 3519985824390
85 38 77600079870285
85 42 206236773027915
85 46 350087913571305
85 48 106334803975890
85 52 576565894094190
85 54 72196236472605
85 58 87044000358315
85 64 57758958924870
85 76 257144640851910
85 82 338847846765015
85 84 9462527427990
86 1 17379928391385
86 5 3145584846495
86 7 116164641693471
86 19 223072214330595
86 21 221856914480565
86 25 39824549332365
86 29 147851876763885
86 37 5720178600717
86 39 590108788815
86 41 57328101263685
86 45 107600860663905
86 51 567370379727165
86 53 648770424876651
86 55 727608868355985
86 57 802174521827679
86 59 1974189091245
86 61 26598599947185
86 63 327018507221427
86 65 1018681718673255
86 69 1046884689560955
86 73 995181645878511
86 79 719182862986665
86 81 20832447123285
87 8 71022823109070
87 14 217444981214181
87 26 30122423158737
87 34 5283490976841
87 40 66536418706170
87 50 15748607417655
87 62 205960349780535
87 64 67650863795634
87 70 1147781603581095
87 74 1087483305535809
87 86 144900925482831
88 9 28429928149854
88 13 22594202120490
88 15 122986035796470
88 17 129998317511370
88 23 130223390887590
88 25 8175501625830
88 27 300703208190
88 39 6398632694454
88 43 41868892945110
88 45 56654786641530
88 49 37706416341594
88 51 312285729474642
88 53 360543601731390
88 59 70870100096334
88 69 627510092234718
88 71 628431353721402
88 73 617606399812710
88 75 118700969917530
88 79 166365123998766
88 83 2354718382170
88 87 15704245905810
89 10 67286253518715
89 14 51462473757135
89 16 69093226258770
89 18 96245084272407
89 20 293798377183290
89 22 291042985170399
89 28 77356171116042
89 34 93536829076845
89 36 400213063110
89 40 8630900647530
89 42 206925820163391
89 48 1044757180614
89 50 17169954794265
89 58 144195285485937
89 60 1100536786178130
89 64 5226524100210
89 70 1375098388130985
89 78 1207599287243349
90 1 7964726800485
90 13 88810595618745
90 17 102872985648405
90 19 106301205173415
90 23 14993015855685
90 29 80345778629865
90 37 3551762621505
90 43 83994851745105
90 47 153117351503445
90 49 27115550752605
90 53 265070902151055
90 61 406226931589815
90 67 480502410726345
90 71 501611848900365
90 79 33679608107145
90 89 61320416508435
91 2 51501457329231
91 10 8770469609265
91 12 272969811158226
91 16 16335048548910
91 20 350413773929310
91 24 169487117274930
91 34 5499848121495
91 38 12843550789251
91 48 132473446100814
91 50 129913336033845
91 68 1581709561407066
91 72 274144520547534
91 74 1638788907320565
91 80 118938419830230
91 82 426589453566003
91 86 845672327986395
91 88 275459639092638
92 7 62459934932010
92 15 342592693168110
92 19 378439127231046
92 21 383155533241194
92 25 24213839621790
92 29 9132831897882
92 31 254208350818254
92 33 7846276494210
92 35 127381272055590
92 37 48183947286090
92 39 40975990762434
92 41 139477265125086
92 43 3913195081110
92 47 160760056069830
92 49 86931951314082
92 51 738411288440826
92 61 459076311260322
92 71 1776997432597506
92 77 134205210449310
92 79 555667647096198
92 81 23899712298
92 83 92506714089510
92 85 1177571882770710
92 89 595505216419134
93 4 2424177841386
93 8 114152882621610
93 10 276782402328285
93 16 96141583168554
93 22 416994588466995
93 28 32335817243730
93 32 1288583430330
93 46 25091744850417
93 52 836691117670590
93 56 560595209494362
93 68 365956851279390
93 74 1958520854377731
93 82 336052590961395
93 86 1274243018669229
93 88 10522474441710
94 1 32398195975845
94 5 7567507109085
94 7 218205460160499
94 11 18996530845215
94 17 429115789747029
94 19 89405032423035
94 21 454805503747665
94 25 87469093363785
94 29 372637097945385
94 33 258652463151621
94 37 95702269532289
94 41 12591586474635
94 51 792915437538105
94 65 1804030355376795
94 69 400863126259155
94 71 2073932368254285
94 85 77465816493555
94 91 694022287441665
95 4 45979087324170
95 8 132783497523390
95 12 372949102721370
95 14 15412262513655
95 18 158733520114785
95 22 23578330821045
95 26 42464697640365
95 36 57059724080730
95 44 290922416420790
95 48 145586663452230
95 56 615070368961230
95 62 1707766436515755
95 68 233062800892530
95 72 377423565465030
95 74 177609710319405
95 78 2298955333506195
96 5 23038035878130
96 7 31658759090742
96 19 65719647555870
96 23 67088675881878
96 31 7176757969290
96 35 31376765462910
96 37 19351546698162
96 43 26398337049042
96 53 127341828664302
96 59 193747851108210
96 65 254679372530310
96 71 8557406887470
96 77 315506562464478
96 79 62389999445970
96 83 288020937213282
97 4 159676274964066
97 6 235927649931519
97 10 374254682041065
97 20 192565725061710
97 26 559682670945489
97 34 111617158360407
97 42 123708955243335
97 44 271385641659594
97 46 430358377590141
97 58 218789441888745
97 66 2238727365091371
97 72 6705533914170
97 76 2734314664646586
97 80 676609244754870
97 86 2303114925774201
98 1 2065459177551
98 3 18480775030095
98 9 17513677810839
98 13 70856376466785
98 17 3106508726055
98 23 96936561645
98 37 3607793521185
98 41 4100678024667
98 45 704145677235
98 47 73414220055645
98 51 127198629838497
98 53 51879803593485
98 57 214078317840555
98 61 272145094250127
98 65 326425429084755
98 67 350931082798065
98 69 372966291276663
98 81 15514851337881
98 85 384870089444295
99 2 30980122081293
99 10 144362377285665
99 14 187644638828955
99 20 225530707578330
99 46 139385897489685
99 50 7693575640905
99 52 338805795109782
99 58 79596313057569
99 62 702117376095597
99 68 897299792248398
99 74 206982441778035
99 82 1058029849318827
99 86 969781302995505
99 98 17132311853349
100 1 3331000233330
100 11 100795540828290
100 13 114880277614830
100 27 2256486212190
100 37 21006817042890
100 39 36551629233210
100 53 77049755432790
100 57 324715535031930
100 59 372092505548190
100 61 419077017660210
100 63 155004408763890
100 67 11242051860270
100 71 29684174089710
100 77 691467322768530
100 81 25855771994430
100 83 686541059796270
100 99 25742666202330
