# m  n  cond
6 5 82005
9 8 2085594
13 2 52597545
13 4 2385474
14 13 35972391
18 7 13999755
19 16 1430969610
20 7 122306730
22 1 1229178489
22 21 8462190891
23 14 5430049737
24 7 3648413622
24 13 7102437342
24 17 742652106
25 4 2015065290
27 2 31939005
27 4 1975208214
28 17 25968426330
28 27 5274004890
29 6 36902912235
29 14 31858973265
29 18 37001839413
29 22 170907292941
30 17 103934243595
31 10 47632892055
31 26 289126673745
31 30 98026007835
32 15 6788280030
32 21 35907421242
32 31 5119837674
33 10 88531289385
33 20 41176024890
33 28 468114151890
34 23 503299230819
34 25 39237946755
35 8 9339918630
36 25 56157848670
37 4 174511945146
37 18 79131673005
37 24 444573717042
37 28 399086368590
37 34 120290043657
38 17 125065937535
38 25 76229163465
38 27 150772266645
40 11 229887640290
41 14 42019085955
41 16 7227896970
41 32 115896029466
42 29 2856721645869
42 41 847140053361
43 14 638257505529
43 26 2376129388269
43 36 1323930114318
44 27 333666437874
44 29 3712189286190
44 35 1638920608710
46 9 485223831015
46 11 1491936596535
46 27 58057363623
47 4 962244675966
47 8 813682099230
47 12 1742238769530
47 18 26212514055
47 38 2772193073685
48 17 287084509530
48 25 148136104830
48 41 2314803774486
49 16 64336302030
49 34 1415206042845
49 38 1648585132887
50 7 473310244785
50 41 903232510635
51 20 766450950510
51 28 6298896432486
52 3 215185400430
52 25 73205902770
52 33 1815306683190
52 41 18686208046506
52 47 4768049255970
52 51 3840820156446
53 34 15275410534671
53 46 6559651516803
54 43 401686457403
55 8 867813146970
55 12 6234660115530
55 18 1504119820665
55 42 28771218420945
55 48 6509421942870
56 11 1171980502770
56 17 3035716054098
56 45 5638467863490
56 53 8523530305878
57 44 1677734496438
57 46 38940049147461
57 56 3673931057538
58 37 30913421646765
59 8 621211016874
60 11 1699314334410
61 10 37424972235
61 22 7111896242451
61 30 14035508854185
61 32 2621547794838
61 42 56218934870259
61 56 7716000853470
62 29 10564473198279
62 33 25800550472235
62 37 2824464141345
62 39 50526633353469
62 43 65021269957665
62 59 3222586195059
63 4 2552183715018
63 22 3591455148435
63 34 10483961712567
63 52 28545167160510
64 11 241679635890
64 33 1746490804674
65 12 22633939317990
65 28 4412388415890
65 32 2937544479870
65 36 15219406219290
65 42 896624780415
65 44 89945790264330
65 54 12141693909345
66 1 2723198192715
66 53 125952658152321
66 65 20681018162805
67 8 2185784588190
67 20 26129278657230
67 32 987543879630
67 44 106289407231854
67 48 32145178989630
68 9 8869519898778
68 33 30325779152130
68 39 76135357198446
69 10 31872289691445
69 14 37718259011895
69 26 13973528686845
70 19 40830131788635
70 29 11149782105
70 33 30022616857695
70 37 65683480171155
70 43 13740469190805
70 69 31318161416115
71 44 15841468568310
71 54 982786454895
72 25 1070154266370
72 37 11715886737870
72 61 40169141920446
73 14 58150441838139
73 20 8105464426710
73 38 84529746756105
73 62 29772082391205
74 13 62444547565491
74 27 3459733333581
74 55 300525014389215
75 8 702705143490
75 26 1279745786865
75 44 36461788516230
75 46 3884602420545
75 68 52601928869490
75 74 10187015038305
76 21 77795727986130
76 33 18762660457926
77 2 3194556887445
77 4 1166383795038
77 16 22812219277386
77 68 122947812341970
77 72 42124973192610
78 11 83427461668551
78 17 102003211140285
78 47 11007353514885
78 67 444698487298065
78 73 5663959609035
79 18 37754276825937
80 21 30308767162590
80 27 2296387689330
80 51 14435185932930
80 57 131554222995930
80 67 20351751673890
80 73 342272925330
81 34 309846970545
81 46 10972150240695
82 1 461159243097
82 21 149387589490839
82 25 25490765651295
82 47 339559745655795
82 55 62724122502195
82 61 683921476759521
82 65 102171952841595
83 16 13558804052178
83 50 90391770064365
84 11 143150563310370
84 13 160417916475726
84 25 32031073408110
84 47 371748543401046
84 53 578991831509154
85 6 92835416450595
85 8 60174989875770
85 16 48773629273530
85 18 67328580010755
85 24 93465182562990
85 26 168997377921645
85 36 90374367930
85 44 2448702330690
85 62 126838339017495
85 66 946851925428255
85 72 151610539006290
85 78 660128697431385
86 3 51745160672499
86 9 48231941207835
86 11 33960630549615
86 31 905138118885
86 35 1554231260505
86 67 347151906734703
86 71 1032363384029985
86 85 44524347650265
87 2 37585995376755
87 16 58188813078606
87 28 184288785003330
87 46 374577164126571
87 56 406542225607518
87 82 47034522407145
88 37 52352682690
88 41 11961640449066
88 47 24030885645690
88 85 216944743916670
89 2 44075060181789
89 6 128491629722295
89 8 3092582652054
89 44 99686475293790
89 56 455891542765890
89 66 187429641453285
89 84 720440358616230
89 88 85022886716922
90 11 78655121017935
90 41 241242466395
90 73 500593256789955
90 77 469872232124295
91 36 22354727405010
91 44 33689000334990
91 66 303821850577245
92 1 27869264933874
92 17 10419658907910
92 45 120392549005890
92 53 870262674500310
92 73 1795861425104670
92 87 914986304139810
93 34 191344450605609
93 38 24894669650235
93 40 37138608608430
93 44 42996759631518
93 64 102448991221206
93 92 33102839492310
94 31 4291235522385
94 35 183180520857495
94 39 3338676946605
94 49 30664095356895
94 53 135026160029817
94 55 1098786109786365
94 57 1251559821292851
94 59 467045973544395
94 93 35690800217457
95 42 158738287318905
95 86 586351438065645
96 11 46976218389870
96 25 1189430533830
96 47 9127454950614
96 49 12040619588970
96 73 23748581896494
96 89 200766869870070
97 8 153954597550530
97 24 26331934120338
97 28 21028603308510
97 30 477032756535195
97 38 2119169412465
97 40 825516799590
97 54 127704131528001
97 64 129797880410814
97 68 2385013596774270
97 70 279091898660505
97 92 148825986592290
97 96 38956468281402
98 15 78115949366595
98 33 60327211909965
98 43 25422742351545
98 73 27152661111765
98 97 47853566046195
99 16 51072172505970
99 32 21370195521906
99 56 241785816950370
99 64 48208099440270
99 70 4305166310445
99 92 669827991382242
99 94 517078092077085
100 21 13455805437690
100 23 149302391845530
100 49 20370365204070
100 89 64250526072810
100 93 432381285507570
