# m n gcd s d s%2 s%3 s%4 s%6 s%12 s%24 m*n m^2+n^2 m^2-n^2 sp m%2 n%2 m%3 n%3 m%4 n%4 omega(m) omega(n) Omega(m) Omega(n) reason cond N_EPCP disc_E w n_badp
linereason cond_listed 
# m n gcd s d s%2 s%3 s%4 s%6 s%12 s%24 m*n m^2+n^2 m^2-n^2 sp m%2 n%2 m%3 n%3 m%4 n%4 om_m om_n big_m big_n reason cond_listed N_EPCP w n_badp
line
# m n gcd s d s%2 s%3 s%4 s%6 s%12 s%24 m*n m^2+n^2 m^2-n^2 sp m%2 n%2 m%3 n%3 m%4 n%4 om_m om_n big_m big_n reason cond_listed N_EPCP w n_badp
22 17 1 39 5 1 0 3 3 3 15 374 773 195 0 0 1 1 2 2 1 2 1 2 1 RANK_GEQ_3 19015731735 19015731735 -1 9
35 22 1 57 13 1 0 1 3 9 9 770 1709 741 0 1 0 2 1 3 2 2 2 2 2 RANK_GEQ_3 519937332915 519937332915 -1 9
37 26 1 63 11 1 0 3 3 3 15 962 2045 693 0 1 0 1 2 1 2 1 2 1 2 RANK_GEQ_3 357947086497 357947086497 -1 7
40 29 1 69 11 1 0 1 3 9 21 1160 2441 759 0 0 1 1 2 0 1 2 1 4 1 RANK_GEQ_3 1057918875090 1057918875090 -1 9
40 33 1 73 7 1 1 1 1 1 1 1320 2689 511 1 0 1 1 0 0 1 2 2 4 2 RANK_GEQ_3 1131250813770 1131250813770 -1 9
41 18 1 59 23 1 2 3 5 11 11 738 2005 1357 1 1 0 2 0 1 2 1 2 1 3 RANK_GEQ_3 56270204697 56270204697 -1 7
44 9 1 53 35 1 2 1 5 5 5 396 2017 1855 1 0 1 2 0 0 1 2 1 3 2 RANK_GEQ_3 344488759230 344488759230 -1 8
53 32 1 85 21 1 1 1 1 1 13 1696 3833 1785 0 1 0 2 2 1 0 1 1 1 5 RANK_GEQ_3 1574121053190 1574121053190 -1 9
59 40 1 99 19 1 0 3 3 3 3 2360 5081 1881 0 1 0 2 1 3 0 1 2 1 4 RANK_GEQ_3 6932576613270 6932576613270 -1 11
60 43 1 103 17 1 1 3 1 7 7 2580 5449 1751 1 0 1 0 1 0 3 3 1 4 1 RANK_GEQ_3 53216186625210 53216186625210 -1 9
61 38 1 99 23 1 0 3 3 3 3 2318 5165 2277 0 1 0 1 2 1 2 1 2 1 2 RANK_GEQ_3 14345632782327 14345632782327 -1 9
63 38 1 101 25 1 2 1 5 5 5 2394 5413 2525 1 1 0 0 2 3 2 2 2 3 2 RANK_GEQ_3 3334605031905 3334605031905 -1 9
64 53 1 117 11 1 0 1 3 9 21 3392 6905 1287 0 0 1 1 2 0 1 1 1 6 1 RANK_GEQ_3 2017512535038 2017512535038 -1 9
66 23 1 89 43 1 2 1 5 5 17 1518 4885 3827 1 0 1 0 2 2 3 3 1 3 1 RANK_GEQ_3 15768512274669 15768512274669 -1 8
69 22 1 91 47 1 1 3 1 7 19 1518 5245 4277 0 1 0 0 1 1 2 2 2 2 2 RANK_GEQ_3 29461060848219 29461060848219 -1 10
71 50 1 121 21 1 1 1 1 1 1 3550 7541 2541 0 1 0 2 2 3 2 1 2 1 3 RANK_GEQ_3 3604391924595 3604391924595 -1 9
73 24 1 97 49 1 1 1 1 1 1 1752 5905 4753 1 1 0 1 0 1 0 1 2 1 4 RANK_GEQ_3 3067104744186 3067104744186 -1 8
74 33 1 107 41 1 2 3 5 11 11 2442 6565 4387 1 0 1 2 0 2 1 2 2 2 2 RANK_GEQ_3 24681199823049 24681199823049 -1 9
77 26 1 103 51 1 1 3 1 7 7 2002 6605 5253 1 1 0 2 2 1 2 2 2 2 2 RANK_GEQ_3 60795884378229 60795884378229 -1 8
77 48 1 125 29 1 2 1 5 5 5 3696 8233 3625 0 1 0 2 0 1 0 2 2 2 5 RANK_GEQ_3 2780154602610 2780154602610 -1 9
84 19 1 103 65 1 1 3 1 7 7 1596 7417 6695 1 0 1 0 1 0 3 3 1 4 1 RANK_GEQ_3 185036814900210 185036814900210 -1 10
84 37 1 121 47 1 1 1 1 1 1 3108 8425 5687 0 0 1 0 1 0 1 3 1 4 1 RANK_GEQ_3 219950942442 219950942442 -1 8
86 47 1 133 39 1 1 1 1 1 13 4042 9605 5187 0 0 1 2 2 2 3 2 1 2 1 RANK_GEQ_3 403027523456649 403027523456649 -1 9
88 7 1 95 81 1 2 3 5 11 23 616 7793 7695 0 0 1 1 1 0 3 2 1 4 1 RANK_GEQ_3 2532242371890 2532242371890 -1 10
88 19 1 107 69 1 2 3 5 11 11 1672 8105 7383 1 0 1 1 1 0 3 2 1 4 1 RANK_GEQ_3 133709198035182 133709198035182 -1 10
88 35 1 123 53 1 0 3 3 3 3 3080 8969 6519 0 0 1 1 2 0 3 2 2 4 2 RANK_GEQ_3 22848156068430 22848156068430 -1 10
88 61 1 149 27 1 2 1 5 5 5 5368 11465 4023 1 0 1 1 1 0 1 2 1 4 1 RANK_GEQ_3 8490545210994 8490545210994 -1 8
89 72 1 161 17 1 2 1 5 5 17 6408 13105 2737 0 1 0 2 0 1 0 1 2 1 5 RANK_GEQ_3 229111913054346 229111913054346 -1 9
89 80 1 169 9 1 1 1 1 1 1 7120 14321 1521 0 1 0 2 2 1 0 1 2 1 5 RANK_GEQ_3 6958110958890 6958110958890 -1 9
91 22 1 113 69 1 2 1 5 5 17 2002 8765 7797 1 1 0 1 1 3 2 2 2 2 2 RANK_GEQ_3 349352024842821 349352024842821 -1 8
93 26 1 119 67 1 2 3 5 11 23 2418 9325 7973 0 1 0 0 2 1 2 2 2 2 2 RANK_GEQ_3 387327033201381 387327033201381 -1 8
94 77 1 171 17 1 0 3 3 3 3 7238 14765 2907 0 0 1 1 2 2 1 2 2 2 2 RANK_GEQ_3 705233463346797 705233463346797 -1 9
95 34 1 129 61 1 0 1 3 9 9 3230 10181 7869 0 1 0 2 1 3 2 2 2 2 2 RANK_GEQ_3 256577723647035 256577723647035 -1 10
96 91 1 187 5 1 1 3 1 7 19 8736 17497 935 0 0 1 0 1 0 3 2 2 6 2 RANK_GEQ_3 155397487335090 155397487335090 -1 11
97 60 1 157 37 1 1 1 1 1 13 5820 13009 5809 1 1 0 1 0 1 0 1 3 1 4 RANK_GEQ_3 35100384145890 35100384145890 -1 9
97 88 1 185 9 1 2 1 5 5 17 8536 17153 1665 0 1 0 1 1 1 0 1 2 1 4 RANK_GEQ_3 341905067410830 341905067410830 -1 11
97 90 1 187 7 1 1 3 1 7 19 8730 17509 1309 0 1 0 1 0 1 2 1 3 1 4 RANK_GEQ_3 4214272596765 4214272596765 -1 9
99 28 1 127 71 1 1 3 1 7 7 2772 10585 9017 1 1 0 0 1 3 0 2 2 3 3 RANK_GEQ_3 210668707326462 210668707326462 1 9
56 41 1 97 15 1 1 1 1 1 1 2296 4817 1455 1 0 1 2 2 0 1 2 1 4 1 RANK_AMBIG 0 15842706369630 1 8
60 1 1 61 59 1 1 1 1 1 13 60 3601 3599 1 0 1 0 1 0 1 3 0 4 0 RANK_AMBIG 0 199565593710 1 8
67 60 1 127 7 1 1 3 1 7 7 4020 8089 889 1 1 0 1 0 3 0 1 3 1 4 RANK_AMBIG 0 114095211932310 1 8
68 41 1 109 27 1 1 1 1 1 13 2788 6305 2943 1 0 1 2 2 0 1 2 1 3 1 RANK_AMBIG 0 10224686566626 1 8
68 61 1 129 7 1 0 1 3 9 9 4148 8345 903 0 0 1 2 1 0 1 2 1 3 1 RANK_AMBIG 0 127367266250154 1 8
73 12 1 85 61 1 1 1 1 1 13 876 5473 5185 0 1 0 1 0 1 0 1 2 1 3 RANK_AMBIG 0 54083945832630 1 9
78 25 1 103 53 1 1 3 1 7 7 1950 6709 5459 1 0 1 0 1 2 1 3 1 3 2 RANK_AMBIG 0 2218836125415 1 8
84 79 1 163 5 1 1 3 1 7 19 6636 13297 815 1 0 1 0 1 0 3 3 1 4 1 RANK_AMBIG 0 474532508235030 1 8
86 15 1 101 71 1 2 1 5 5 5 1290 7621 7171 1 0 1 2 0 2 3 2 2 2 2 RANK_AMBIG 0 29579977977585 1 8
89 4 1 93 85 1 0 1 3 9 21 356 7937 7905 0 1 0 2 1 1 0 1 1 1 2 RANK_AMBIG 0 87214366354290 1 9
92 13 1 105 79 1 0 1 3 9 9 1196 8633 8295 0 0 1 2 1 0 1 2 1 3 1 RANK_AMBIG 0 312929255558010 1 9
93 80 1 173 13 1 2 1 5 5 5 7440 15049 2249 1 1 0 0 2 1 0 2 2 2 5 RANK_AMBIG 0 452524553456430 1 10
94 89 1 183 5 1 0 3 3 3 15 8366 16757 915 0 0 1 1 2 2 1 2 1 2 1 RANK_AMBIG 0 1068326395929555 1 8
95 82 1 177 13 1 0 1 3 9 9 7790 15749 2301 0 1 0 2 1 3 2 2 2 2 2 RANK_AMBIG 0 304006741735515 1 9
97 82 1 179 15 1 2 3 5 11 11 7954 16133 2685 1 1 0 1 1 1 2 1 2 1 2 RANK_AMBIG 0 2625302476575555 1 8
100 51 1 151 49 1 1 3 1 7 7 5100 12601 7399 1 0 1 1 0 0 3 2 2 4 2 RANK_AMBIG 0 26573347296930 1 8
100 91 1 191 9 1 2 3 5 11 23 9100 18281 1719 1 0 1 1 1 0 3 2 2 4 2 RANK_AMBIG 0 171177667885770 1 8
38 35 1 73 3 1 1 1 1 1 1 1330 2669 219 1 0 1 2 2 2 3 2 2 2 2 R1_HIGH_COND_NO_GEN 0 1023470205765 -1 7
52 49 1 101 3 1 2 1 5 5 5 2548 5105 303 1 0 1 1 1 0 1 2 1 3 2 R1_HIGH_COND_NO_GEN 0 1427035486422 -1 7
54 49 1 103 5 1 1 3 1 7 7 2646 5317 515 1 0 1 0 1 2 1 2 1 4 2 R1_HIGH_COND_NO_GEN 0 300008521785 -1 7
59 50 1 109 9 1 1 1 1 1 13 2950 5981 981 1 1 0 2 2 3 2 1 2 1 3 R1_HIGH_COND_NO_GEN 0 3265112496135 -1 7
61 40 1 101 21 1 2 1 5 5 5 2440 5321 2121 1 1 0 1 1 1 0 1 2 1 4 R1_HIGH_COND_NO_GEN 0 24990922151790 -1 9
62 1 1 63 61 1 0 3 3 3 15 62 3845 3843 0 0 1 2 1 2 1 2 0 2 0 R1_HIGH_COND_NO_GEN 0 585867224103 -1 6
67 4 1 71 63 1 2 3 5 11 23 268 4505 4473 1 1 0 1 1 3 0 1 1 1 2 R1_HIGH_COND_NO_GEN 0 3940024190802 -1 8
67 16 1 83 51 1 2 3 5 11 11 1072 4745 4233 1 1 0 1 1 3 0 1 1 1 4 R1_HIGH_COND_NO_GEN 0 7556277935766 -1 8
67 42 1 109 25 1 1 1 1 1 13 2814 6253 2725 1 1 0 1 0 3 2 1 3 1 3 R1_HIGH_COND_NO_GEN 0 18594312132585 -1 7
68 29 1 97 39 1 1 1 1 1 1 1972 5465 3783 1 0 1 2 2 0 1 2 1 3 1 R1_HIGH_COND_NO_GEN 0 4640342583786 -1 9
68 37 1 105 31 1 0 1 3 9 9 2516 5993 3255 0 0 1 2 1 0 1 2 1 3 1 R1_HIGH_COND_NO_GEN 0 60299873445210 -1 9
71 30 1 101 41 1 2 1 5 5 5 2130 5941 4141 1 1 0 2 0 3 2 1 3 1 3 R1_HIGH_COND_NO_GEN 0 4408925743635 -1 9
71 42 1 113 29 1 2 1 5 5 17 2982 6805 3277 1 1 0 2 0 3 2 1 3 1 3 R1_HIGH_COND_NO_GEN 0 121322324175969 -1 7
73 40 1 113 33 1 2 1 5 5 17 2920 6929 3729 1 1 0 1 1 1 0 1 2 1 4 R1_HIGH_COND_NO_GEN 0 54988266825030 -1 9
74 63 1 137 11 1 2 1 5 5 17 4662 9445 1507 1 0 1 2 0 2 3 2 2 2 3 R1_HIGH_COND_NO_GEN 0 99138635895453 -1 7
74 73 1 147 1 1 0 3 3 3 3 5402 10805 147 0 0 1 2 1 2 1 2 1 2 1 R1_HIGH_COND_NO_GEN 0 6619613357847 -1 7
76 7 1 83 69 1 2 3 5 11 11 532 5825 5727 1 0 1 1 1 0 3 2 1 3 1 R1_HIGH_COND_NO_GEN 0 48240074036406 -1 8
76 29 1 105 47 1 0 1 3 9 9 2204 6617 4935 0 0 1 1 2 0 1 2 1 3 1 R1_HIGH_COND_NO_GEN 0 26777234109570 -1 10
78 5 1 83 73 1 2 3 5 11 11 390 6109 6059 1 0 1 0 2 2 1 3 1 3 1 R1_HIGH_COND_NO_GEN 0 42655970716905 -1 8
78 7 1 85 71 1 1 1 1 1 13 546 6133 6035 0 0 1 0 1 2 3 3 1 3 1 R1_HIGH_COND_NO_GEN 0 58041321329355 -1 8
79 12 1 91 67 1 1 3 1 7 19 948 6385 6097 0 1 0 1 0 3 0 1 2 1 3 R1_HIGH_COND_NO_GEN 0 97041395040954 -1 8
79 30 1 109 49 1 1 1 1 1 13 2370 7141 5341 1 1 0 1 0 3 2 1 3 1 3 R1_HIGH_COND_NO_GEN 0 5477986719555 -1 8
79 44 1 123 35 1 0 3 3 3 3 3476 8177 4305 0 1 0 1 2 3 0 1 2 1 3 R1_HIGH_COND_NO_GEN 0 222945923233110 -1 9
79 58 1 137 21 1 2 1 5 5 17 4582 9605 2877 1 1 0 1 1 3 2 1 2 1 2 R1_HIGH_COND_NO_GEN 0 498966016562769 -1 7
79 70 1 149 9 1 2 1 5 5 5 5530 11141 1341 1 1 0 1 1 3 2 1 3 1 3 R1_HIGH_COND_NO_GEN 0 148963870644645 -1 7
79 78 1 157 1 1 1 1 1 1 13 6162 12325 157 1 1 0 1 0 3 2 1 3 1 3 R1_HIGH_COND_NO_GEN 0 138857253171 -1 7
81 28 1 109 53 1 1 1 1 1 13 2268 7345 5777 1 1 0 0 1 1 0 1 2 4 3 R1_HIGH_COND_NO_GEN 0 3105334992522 -1 8
81 50 1 131 31 1 2 3 5 11 11 4050 9061 4061 1 1 0 0 2 1 2 1 2 4 3 R1_HIGH_COND_NO_GEN 0 2992039965285 -1 7
81 80 1 161 1 1 2 1 5 5 17 6480 12961 161 0 1 0 0 2 1 0 1 2 4 5 R1_HIGH_COND_NO_GEN 0 811129329570 -1 7
82 19 1 101 63 1 2 1 5 5 5 1558 7085 6363 1 0 1 1 1 2 3 2 1 2 1 R1_HIGH_COND_NO_GEN 0 50853744659067 -1 8
82 23 1 105 59 1 0 1 3 9 9 1886 7253 6195 0 0 1 1 2 2 3 2 1 2 1 R1_HIGH_COND_NO_GEN 0 141081762267285 -1 8
82 31 1 113 51 1 2 1 5 5 17 2542 7685 5763 1 0 1 1 1 2 3 2 1 2 1 R1_HIGH_COND_NO_GEN 0 53947780844349 -1 8
82 81 1 163 1 1 1 3 1 7 19 6642 13285 163 1 0 1 1 0 2 1 2 1 2 4 R1_HIGH_COND_NO_GEN 0 3537407206263 -1 7
83 4 1 87 79 1 0 3 3 3 15 332 6905 6873 0 1 0 2 1 3 0 1 1 1 2 R1_HIGH_COND_NO_GEN 0 53391805479894 -1 8
84 43 1 127 41 1 1 3 1 7 7 3612 8905 5207 1 0 1 0 1 0 3 3 1 4 1 R1_HIGH_COND_NO_GEN 0 235785605522334 -1 9
85 46 1 131 39 1 2 3 5 11 11 3910 9341 5109 1 1 0 1 1 1 2 2 2 2 2 R1_HIGH_COND_NO_GEN 0 350087913571305 -1 9
86 25 1 111 61 1 0 3 3 3 15 2150 8021 6771 0 0 1 2 1 2 1 2 1 2 2 R1_HIGH_COND_NO_GEN 0 39824549332365 -1 8
86 51 1 137 35 1 2 1 5 5 17 4386 9997 4795 1 0 1 2 0 2 3 2 2 2 2 R1_HIGH_COND_NO_GEN 0 567370379727165 -1 9
86 53 1 139 33 1 1 3 1 7 19 4558 10205 4587 1 0 1 2 2 2 1 2 1 2 1 R1_HIGH_COND_NO_GEN 0 648770424876651 -1 9
86 81 1 167 5 1 2 3 5 11 23 6966 13957 835 1 0 1 2 0 2 1 2 1 2 4 R1_HIGH_COND_NO_GEN 0 20832447123285 -1 7
87 70 1 157 17 1 1 1 1 1 13 6090 12469 2669 1 1 0 0 1 3 2 2 3 2 3 R1_HIGH_COND_NO_GEN 0 1147781603581095 -1 9
87 86 1 173 1 1 2 1 5 5 5 7482 14965 173 1 1 0 0 2 3 2 2 2 2 2 R1_HIGH_COND_NO_GEN 0 144900925482831 -1 7
88 71 1 159 17 1 0 3 3 3 15 6248 12785 2703 0 0 1 1 2 0 3 2 1 4 1 R1_HIGH_COND_NO_GEN 0 628431353721402 -1 9
89 20 1 109 69 1 1 1 1 1 13 1780 8321 7521 1 1 0 2 2 1 0 1 2 1 3 R1_HIGH_COND_NO_GEN 0 293798377183290 -1 10
90 67 1 157 23 1 1 1 1 1 13 6030 12589 3611 1 0 1 0 1 2 3 3 1 4 1 R1_HIGH_COND_NO_GEN 0 480502410726345 -1 9
91 68 1 159 23 1 0 3 3 3 15 6188 12905 3657 0 1 0 1 2 3 0 2 2 2 3 R1_HIGH_COND_NO_GEN 0 1581709561407066 -1 9
92 19 1 111 73 1 0 3 3 3 15 1748 8825 8103 0 0 1 2 1 0 3 2 1 3 1 R1_HIGH_COND_NO_GEN 0 378439127231046 -1 10
92 39 1 131 53 1 2 3 5 11 11 3588 9985 6943 1 0 1 2 0 0 3 2 2 3 2 R1_HIGH_COND_NO_GEN 0 40975990762434 -1 9
92 47 1 139 45 1 1 3 1 7 19 4324 10673 6255 1 0 1 2 2 0 3 2 1 3 1 R1_HIGH_COND_NO_GEN 0 160760056069830 -1 9
92 61 1 153 31 1 0 1 3 9 9 5612 12185 4743 0 0 1 2 1 0 1 2 1 3 1 R1_HIGH_COND_NO_GEN 0 459076311260322 -1 9
92 81 1 173 11 1 2 1 5 5 5 7452 15025 1903 1 0 1 2 0 0 1 2 1 3 4 R1_HIGH_COND_NO_GEN 0 23899712298 -1 7
93 68 1 161 25 1 2 1 5 5 17 6324 13273 4025 0 1 0 0 2 1 0 2 2 2 3 R1_HIGH_COND_NO_GEN 0 365956851279390 -1 9
94 17 1 111 77 1 0 3 3 3 15 1598 9125 8547 0 0 1 1 2 2 1 2 1 2 1 R1_HIGH_COND_NO_GEN 0 429115789747029 -1 8
94 19 1 113 75 1 2 1 5 5 17 1786 9197 8475 1 0 1 1 1 2 3 2 1 2 1 R1_HIGH_COND_NO_GEN 0 89405032423035 -1 8
94 21 1 115 73 1 1 3 1 7 19 1974 9277 8395 0 0 1 1 0 2 1 2 2 2 2 R1_HIGH_COND_NO_GEN 0 454805503747665 -1 8
94 25 1 119 69 1 2 3 5 11 23 2350 9461 8211 0 0 1 1 1 2 1 2 1 2 2 R1_HIGH_COND_NO_GEN 0 87469093363785 -1 8
94 37 1 131 57 1 2 3 5 11 11 3478 10205 7467 1 0 1 1 1 2 1 2 1 2 1 R1_HIGH_COND_NO_GEN 0 95702269532289 -1 8
95 68 1 163 27 1 1 3 1 7 19 6460 13649 4401 1 1 0 2 2 3 0 2 2 2 3 R1_HIGH_COND_NO_GEN 0 233062800892530 -1 9
97 4 1 101 93 1 2 1 5 5 5 388 9425 9393 1 1 0 1 1 1 0 1 1 1 2 R1_HIGH_COND_NO_GEN 0 159676274964066 -1 8
98 3 1 101 95 1 2 1 5 5 5 294 9613 9595 1 0 1 2 0 2 3 2 1 3 1 R1_HIGH_COND_NO_GEN 0 18480775030095 -1 8
98 9 1 107 89 1 2 3 5 11 11 882 9685 9523 1 0 1 2 0 2 1 2 1 3 2 R1_HIGH_COND_NO_GEN 0 17513677810839 -1 6
99 14 1 113 85 1 2 1 5 5 17 1386 9997 9605 1 1 0 0 2 3 2 2 2 3 2 R1_HIGH_COND_NO_GEN 0 187644638828955 -1 8
100 53 1 153 47 1 0 1 3 9 9 5300 12809 7191 0 0 1 1 2 0 1 2 1 4 1 R1_HIGH_COND_NO_GEN 0 77049755432790 -1 9
100 59 1 159 41 1 0 3 3 3 15 5900 13481 6519 0 0 1 1 2 0 3 2 1 4 1 R1_HIGH_COND_NO_GEN 0 372092505548190 -1 9
100 67 1 167 33 1 2 3 5 11 23 6700 14489 5511 1 0 1 1 1 0 3 2 1 4 1 R1_HIGH_COND_NO_GEN 0 11242051860270 -1 9
100 99 1 199 1 1 1 3 1 7 7 9900 19801 199 1 0 1 1 0 0 3 2 2 4 3 R1_HIGH_COND_NO_GEN 0 25742666202330 -1 9
89 2 1 91 87 1 1 3 1 7 19 178 7925 7917 0 1 0 2 2 1 2 1 1 1 1 R2_HARD_RANK2_NO_GENS 0 44075060181789 1 7
