# m  n  q  N(E)  status  B  lambda_min  H(E)  squares  #gens_found
6 5 11/60 82005 CLOSED 51 1.7505453495674331847876981066292686482 4506.9291997774014815136505928590588313 0 2
9 8 17/144 2085594 CLOSED 58 1.6874380900140648291481663859485495133 5530.9070661335330313696910036645558504 0 2
13 2 165/52 52597545 CLOSED 56 1.9688612719691365282317189061707570885 5962.5743794819562346191669336191461013 0 2
13 4 153/104 2385474 CLOSED 47 2.5514966719960347862988673092798107676 5592.8411775835824624892847209769006153 0 2
14 13 27/364 35972391 CLOSED 51 2.5858300724567812417299218504776424690 6557.5493226616612508061674849661589671 0 2
18 7 275/252 13999755 CLOSED 69 1.3311497977174239580503914370870049587 6238.8719168758976278256450621122738869 0 2
19 16 105/608 1430969610 CLOSED 58 2.2487501651760466827570190730874391635 7336.3017156127280340443799452355977561 0 2
20 7 351/280 122306730 CLOSED 47 3.1132244423684627717283542676834462597 6650.8332415488460477094054661457182177 0 2
22 1 483/44 1229178489 CLOSED 49 3.0358400274423794816108568995430593966 7136.9745117288058406000011959706480720 0 2
22 21 43/924 8462190891 CLOSED 42 4.5734145726598673953447546814555029629 7848.8570520738303073328069038648008882 0 2
23 14 333/644 5430049737 CLOSED 44 3.9195164483812679659042287543729672612 7515.6803939353642924196986262319153975 0 2
24 7 527/336 3648413622 CLOSED 43 4.0775730715650375286352738150990537639 7315.5162674285687059809672440979175893 0 2
24 13 407/624 7102437342 CLOSED 55 2.5279021339845929231993266300302412454 7517.2906796645027522576215536936741344 0 2
24 17 287/816 742652106 CLOSED 48 3.3319010693739957313432936476118776325 7506.1053103939400425907002984555570622 0 2
25 4 609/200 2015065290 CLOSED 45 3.8055058424925052875449979525234348019 7371.8463575484412332321596241047888831 0 2
27 2 725/108 31939005 CLOSED 45 3.6303115011890733616541027396238978002 7096.8711786942999503610061232951417116 0 2
27 4 713/216 1975208214 CLOSED 43 4.1972608109105898671766135847457844730 7495.9791017867185675161335788661796484 0 2
28 17 495/952 25968426330 CLOSED 52 3.0469373988575760384593493285594080188 7984.8667543428666374148768037284608206 0 2
28 27 55/1512 5274004890 CLOSED 49 3.4480558630537597656545416509852645550 8195.5564305982891345661706555737584841 0 2
29 6 805/348 36902912235 CLOSED 42 4.6687729088890543409772520643485883116 7885.8294526584917778361015490600367115 0 2
29 14 645/812 31858973265 CLOSED 43 4.2870692025947195924732819285523741281 7878.0587635742943370752049780130517770 0 2
29 18 517/1044 37001839413 CLOSED 58 2.4423067391163622112755631768088948852 8094.0751609760479469847382405590073029 0 2
29 22 357/1276 170907292941 CLOSED 48 3.8042555428651743648216008678316313354 8407.6270811128517330341612432891805776 0 2
30 17 611/1020 103934243595 CLOSED 54 2.8355037421123100216481780166153986674 8178.7487513220371205881104574105329616 0 2
31 10 861/620 47632892055 CLOSED 35 6.7297076785081360538862339524591130770 7965.1545404527277601804413825946346529 0 2
31 26 285/1612 289126673745 CLOSED 45 4.4571779635840629926040639973214566023 8647.1978131015144029109984718472480273 0 2
31 30 61/1860 98026007835 CLOSED 41 5.2004813891595791530732117925463426910 8653.5152800137732759042436268669658216 0 2
32 15 799/960 6788280030 CLOSED 50 3.1852885958271365874333685081233000203 7857.3929712845506587994066616843453785 0 2
32 21 583/1344 35907421242 CLOSED 52 3.1177251179802023057769701750791510322 8293.1453999574671735199261282402538731 0 2
32 31 63/1984 5119837674 CLOSED 48 3.7879683901367755893821151694538758017 8409.9350873956905549263685336666765710 0 2
33 10 989/660 88531289385 CLOSED 54 2.8601518193952438457093135984836095729 8138.0176531829960432866865907310672718 0 2
33 20 689/1320 41176024890 CLOSED 48 3.7195752490710340013817836085128271147 8292.4218128418351062401147100219555775 0 2
33 28 305/1848 468114151890 CLOSED 41 5.4148309659828950454950515038304291477 8804.6852035029710093691669889928604201 0 2
34 23 627/1564 503299230819 CLOSED 49 3.6764544812314117106221411080965737317 8678.4466091294226295228975887121956342 0 2
34 25 531/1700 39237946755 CLOSED 46 4.1050591042978567310811329596824161970 8489.9978385323206108434307753378494038 0 2
35 8 1161/560 9339918630 CLOSED 44 4.2841327167025188855049448906548182202 8041.3859230740910083043459622227616462 0 2
36 25 671/1800 56157848670 CLOSED 46 4.1022898486258227224554124823763182829 8571.5767839846157739925669524318439349 0 2
37 4 1353/296 174511945146 CLOSED 41 5.1346565860516037010207991192645723016 8456.5896055171098643968742766319931337 0 2
37 18 1045/1332 79131673005 CLOSED 50 3.3690894184052846978289165822730513820 8364.9873857633736114872039566780215741 0 2
37 24 793/1776 444573717042 CLOSED 45 4.4378306553168920490432104940698592705 8767.7333109181100546227726676753839246 0 2
37 28 585/2072 399086368590 CLOSED 40 5.5608467612318229226586747049625047279 8880.2600520078187860823759370626081172 0 2
37 34 213/2516 120290043657 CLOSED 35 7.3624923784791046505499444369420120958 8915.6576636446225148251915467203108475 0 2
38 17 1155/1292 125065937535 CLOSED 47 3.8032209075691181137383465658731051277 8386.3680410189724306028004220508219016 0 2
38 25 819/1900 76229163465 CLOSED 47 3.9818617882126951578591983126197680612 8645.3883270293434182398746321051814439 0 2
38 27 715/2052 150772266645 CLOSED 51 3.3818103718899501987717397983780757091 8775.1598017742708114332984425779400661 0 2
40 11 1479/880 229887640290 CLOSED 53 3.1294250336640562613932437653403999003 8555.3828207712738795952820488040635748 0 2
41 14 1485/1148 42019085955 CLOSED 49 3.5777638039050963549664339459067210712 8388.6750189403272788525307421620763595 0 2
41 16 1425/1312 7227896970 CLOSED 55 2.7640933360128462928339538784706517161 8179.6630696907930488879129865376711261 0 2
41 32 657/2624 115896029466 CLOSED 51 3.4602884338320091082342006779539247461 8945.5600528942751919049055142540925377 0 2
42 29 923/2436 2856721645869 CLOSED 46 4.4146592482473521354954481780616480985 9206.5596836251698985105322658743852795 0 2
42 41 83/3444 847140053361 CLOSED 35 7.6493120594906216996156716485703071917 9362.0242794566457733971905525145130206 0 2
43 14 1653/1204 638257505529 CLOSED 37 6.6103125552355711348270731317993210572 8746.4784435111120701274235385647263116 0 2
43 26 1173/2236 2376129388269 CLOSED 43 5.0114703603609529053993560294264492383 9119.6044646488343873130208543430255176 0 2
43 36 553/3096 1323930114318 CLOSED 39 6.2948879460855923108142597678570133688 9321.4555665979461377867886926137063599 0 2
44 27 1207/2376 333666437874 CLOSED 34 8.0590414014403793364228698973724158574 8971.8797085761263642596895394092143874 0 2
44 29 1095/2552 3712189286190 CLOSED 49 3.9188822962021672989712282075359881545 9269.9704078316720127670220401260585377 0 2
44 35 711/3080 1638920608710 CLOSED 49 3.9393250720269471919465623131557452439 9338.6537983398942235372489681028724351 0 2
46 9 2035/828 485223831015 CLOSED 58 2.7291323125531215498797184646738362835 8885.3884911683164201877049411695325201 0 2
46 11 1995/1012 1491936596535 CLOSED 48 4.0013428537528013982229038688872585698 8981.8290755778890334967382334795078278 0 2
46 27 1387/2484 58057363623 CLOSED 39 5.9423013709208815317669040935817694593 8832.5700931136611087106402296503369318 0 2
47 4 2193/376 962244675966 CLOSED 40 5.8817280500216457654752414649352540398 9013.6740583537052414001267160397059695 0 2
47 8 2145/752 813682099230 CLOSED 48 3.9226665824180053100948095602285518139 8979.1994236078216110770920614629337107 0 2
47 12 2065/1128 1742238769530 CLOSED 41 5.6222220929031523682058913327694301173 9024.9276094447515965026997318415587693 0 2
47 18 1885/1692 26212514055 CLOSED 42 4.9227816319428354301504133249414514618 8532.2967568425758504806257825340241126 0 2
47 38 765/3572 2772193073685 CLOSED 39 6.4240567606054150829646214509034711717 9509.7707382203291245082046072041232216 0 2
48 17 2015/1632 287084509530 CLOSED 47 4.0152221918023543811432637703165891346 8825.0038262700647503500014857372086346 0 2
48 25 1679/2400 148136104830 CLOSED 50 3.6125664194863631291773167653064549744 8898.7189446030499625406862550957511225 0 2
48 41 623/3936 2314803774486 CLOSED 38 6.7309253586271138566825905464998599797 9569.3708102610305557700495233935162251 0 2
49 16 2145/1568 64336302030 CLOSED 63 2.2116258192938343964078089136345375815 8725.4548532559494371995976690538080575 0 2
49 34 1245/3332 1415206042845 CLOSED 35 7.7062355935472134415420150794428767154 9386.8920276035046684191408639674026522 0 2
49 38 957/3724 1648585132887 CLOSED 46 4.6444770443154878003317958482421690113 9491.1367647937366020937218564124531139 0 2
50 7 2451/700 473310244785 CLOSED 51 3.5693944821808934042213529701977450906 9031.7027987285553310740228608792032731 0 2
50 41 819/4100 903232510635 CLOSED 48 4.1442013816262416975550735441973848401 9507.9183865619002728135720194062970372 0 2
51 20 2201/2040 766450950510 CLOSED 36 7.0800883545811642274767939939103682007 8993.8373193915580170172589745625505019 0 2
51 28 1817/2856 6298896432486 CLOSED 29 11.578204791439041202237271515491711710 9412.8814152211209174609778874719253121 0 2
52 3 2695/312 215185400430 CLOSED 55 3.0931067118104123197902040468667909052 9028.7993687809427382483992737791118053 0 2
52 25 2079/2600 73205902770 CLOSED 43 4.9841202501750452354163045439690293814 8892.2675685673546474010499162192400060 0 2
52 33 1615/3432 1815306683190 CLOSED 62 2.4691130583593240137964139278349027029 9435.4463225688662654739864159306571989 0 2
52 41 1023/4264 18686208046506 CLOSED 47 4.5292924415716269022405201199581486104 9842.2510556819857669730143615316660638 0 2
52 47 495/4888 4768049255970 CLOSED 57 3.0231352335372468077790461503065168924 9814.9266382980308094653106559982508309 0 2
52 51 103/5304 3840820156446 CLOSED 34 8.7823662960240620480150095887539719020 9858.6439297056108396029271278519439516 0 2
53 34 1653/3604 15275410534671 CLOSED 30 10.972507300971715782206168736820760360 9687.5662446697749619203286994527388189 0 2
53 46 693/4876 6559651516803 CLOSED 44 5.2048796706197253065163716006075753403 9844.8602519844229246791389328795638807 0 2
54 43 1067/4644 401686457403 CLOSED 39 6.2908585853382428615726687222686836941 9526.5588407074249764523299700715937452 0 2
55 8 2961/880 867813146970 CLOSED 58 2.8013401242840019904973808773444668538 9243.5500884778167232257165396194718738 0 2
55 12 2881/1320 6234660115530 CLOSED 34 8.4709102836920753899233338436728632021 9418.8287061906096392629495622289669196 0 2
55 18 2701/1980 1504119820665 CLOSED 50 3.7801245436482927461188484782471987473 9225.0247836619140421799144586867204308 0 2
55 42 1261/4620 28771218420945 CLOSED 47 4.7008304806289023348727344021461506656 9949.5596515599338464082621950225298391 0 2
55 48 721/5280 6509421942870 CLOSED 55 3.3360464646041970957170028864693134968 9907.7722786550886509084932397843675598 0 2
56 11 3015/1232 1171980502770 CLOSED 55 3.1186420778731396721265625993402918953 9288.0557044373503390217387298541455175 0 2
56 17 2847/1904 3035716054098 CLOSED 41 5.8051599491911708611857166799270548286 9337.3637142994191523015649121208511230 0 2
56 45 1111/5040 5638467863490 CLOSED 43 5.5588332647159959656412030268012687094 9856.1924377647241112377986474768316682 0 2
56 53 327/5936 8523530305878 CLOSED 46 4.8621466913583105153887117015212093814 10028.417800487611462591223903627223991 0 2
57 44 1313/5016 1677734496438 CLOSED 34 8.9279450412725319718991205071448513507 9731.1570143757483533968067228413003651 0 2
57 46 1133/5244 38940049147461 CLOSED 39 6.7982833825232734303887820887658359905 10081.176313707357988224309370156503682 0 2
57 56 113/6384 3673931057538 CLOSED 33 9.7678709811626377561451364520967059893 10002.468445062285868140337614899837919 0 2
58 37 1995/4292 30913421646765 CLOSED 43 5.6095310644081637527873804699658097971 9897.8276393031534364209698567376582265 0 2
59 8 3417/944 621211016874 CLOSED 29 11.475073718772180019147606839913861785 9324.7082679812160590256491457370029408 0 2
60 11 3479/1320 1699314334410 CLOSED 50 3.8957492777959497373103881524802744521 9439.7247354145743773587269029882427802 0 2
61 10 3621/1220 37424972235 CLOSED 33 8.8587971640495578536798910249156585138 9090.1648103493190022815163650698773678 0 2
61 22 3237/2684 7111896242451 CLOSED 43 5.3010150138779140524837485128947345497 9525.2008056361991869188589359072991917 0 2
61 30 2821/3660 14035508854185 CLOSED 34 8.8099131408527381263005197251058084183 9691.4358992335735239215865235519761806 0 2
61 32 2697/3904 2621547794838 CLOSED 53 3.5347237845313117333556871302580334863 9575.2841600923153666072415574784923142 0 2
61 42 1957/5124 56218934870259 CLOSED 40 6.6150674843280952874624873219468382662 10099.380003961622313593901330643205538 0 2
61 56 585/6832 7716000853470 CLOSED 36 7.8613215119234665639385066425160649087 10130.929920532969097521692166345497849 0 2
62 29 3003/3596 10564473198279 CLOSED 45 4.7793126972386075872260010825085108682 9648.9137067568184761724626598952590817 0 2
62 33 2755/4092 25800550472235 CLOSED 48 4.4070843119803919573782501665668100377 9841.5729960333784234027767841104621636 0 2
62 37 2475/4588 2824464141345 CLOSED 40 6.3109872360187293299415157597697043394 9711.8935604049020734363978033346139799 0 2
62 39 2323/4836 50526633353469 CLOSED 36 7.8687774158600129345434094520419830601 10042.426740020244534480248577104283999 0 2
62 43 1995/5332 65021269957665 CLOSED 38 7.0284103577973259074432372752992483278 10145.758901280280468255176685628779451 0 2
62 59 363/7316 3222586195059 CLOSED 40 6.4991595848061034778355305003180259659 10098.375739537295783201759198258831574 0 2
63 4 3953/504 2552183715018 CLOSED 31 10.307160252807535718067183045750667197 9582.5810973836934625765621556585200629 0 2
63 22 3485/2772 3591455148435 CLOSED 42 5.3965812693640383961156996113771744350 9515.9365155686071293806018447747707363 0 2
63 34 2813/4284 10483961712567 CLOSED 37 7.4314111433770299442125881001631041031 9788.2007201937031455549468656368940616 0 2
63 52 1265/6552 28545167160510 CLOSED 53 3.7416974134769456857187090560803984407 10228.271376562554910752789200551170918 0 2
64 11 3975/1408 241679635890 CLOSED 58 2.8576919474856097547266558189092513007 9351.3119084152203640232994254554607216 0 2
64 33 3007/4224 1746490804674 CLOSED 43 5.3704180426062836569616876939887119572 9597.6932239266212848441265365932279393 0 2
65 12 4081/1560 22633939317990 CLOSED 53 3.5815662411076716147698715479479119671 9826.3250318703839183907997168486092106 0 2
65 28 3441/3640 4412388415890 CLOSED 41 5.8593269135219922995172097230057079018 9571.3348934730933205578655704073959533 0 2
65 32 3201/4160 2937544479870 CLOSED 60 2.7021044239494567563162108588975706777 9637.4757963410061362296867424434540378 0 2
65 36 2929/4680 15219406219290 CLOSED 44 5.1237315952131630404050551822361494923 9896.2019565707339562371247024251517083 0 2
65 42 2461/5460 896624780415 CLOSED 42 5.5336266194874841015275326740930136732 9736.3535856402870705803241919388446870 0 2
65 44 2289/5720 89945790264330 CLOSED 43 5.6135662777557612542489929222581570330 10234.402094937940030438194319534941165 0 2
65 54 1309/7020 12141693909345 CLOSED 41 6.1679349685387165539676834072880457272 10197.981439923270456807617944175401840 0 2
66 1 4355/132 2723198192715 CLOSED 55 3.3035575266250617572578215599098692480 9666.5467225955835687950182724820344283 0 2
66 53 1547/6996 125952658152321 CLOSED 40 6.7307139421822933113436581645494736859 10429.167791243432669139378973258955405 0 2
66 65 131/8580 20681018162805 CLOSED 52 3.8520148131053721237069936620782223841 10411.775093839106942754820280467767174 0 2
67 8 4425/1072 2185784588190 CLOSED 53 3.5285688738038144314106328948977412451 9657.3200418821968913393820279362000707 0 2
67 20 4089/2680 26129278657230 CLOSED 35 8.1457332326340745807427941366811080168 9842.2523352074080340102913831902976843 0 2
67 32 3465/4288 987543879630 CLOSED 48 4.3084567366226142365607219045555672151 9552.7092389807937444395534413275782474 0 2
67 44 2553/5896 106289407231854 CLOSED 51 4.0493126362245099062241196303431049284 10275.342221751708941202334902492970566 0 2
67 48 2185/6432 32145178989630 CLOSED 59 2.9461533497265516691559575600717390623 10225.361008857216794781089709592329505 0 2
68 9 4543/1224 8869519898778 CLOSED 51 3.8783338579117622002831148117548390891 9818.4384710454288014376276386392958943 0 2
68 33 3535/4488 30325779152130 CLOSED 49 4.1651210182641637154030538950691021988 9931.6318841441430809579226611607229031 0 2
68 39 3103/5304 76135357198446 CLOSED 35 8.3166977997806004895804679212956415938 10157.326614278153401855968886380463719 0 2
69 10 4661/1380 31872289691445 CLOSED 35 8.3492437565704258548540783934626307354 9966.8640457485871142547140958681824438 0 2
69 14 4565/1932 37718259011895 CLOSED 43 5.5603833880756923850483115513551396919 9967.0555761291032636163719047335229868 0 2
69 26 4085/3588 13973528686845 CLOSED 52 3.7404702814871945092655855774247295687 9778.8801905980019403022388561634740159 0 2
70 19 4539/2660 40830131788635 CLOSED 37 7.5088524103110438307991083291108983180 9970.4137468646812852065044918836395439 0 2
70 29 4059/4060 11149782105 CLOSED 41 5.4126638612268358746629616861384684965 9060.6191813275348810206596061535564574 0 2
70 33 3811/4620 30022616857695 CLOSED 36 7.8408354860519895020905109349340791712 9953.8171981417197741215699973996171222 0 2
70 37 3531/5180 65683480171155 CLOSED 49 4.2580470447252610783204618297766091298 10123.635124846874538950723019336170529 0 2
70 43 3051/6020 13740469190805 CLOSED 36 7.8029960614944480645775669178832950761 10087.410685636506408042831210243678689 0 2
70 69 139/9660 31318161416115 CLOSED 39 6.9750528974499616588208040390959666264 10548.121069979138411675608140950845751 0 2
71 44 3105/6248 15841468568310 CLOSED 58 3.1106298185658501614075087301181300494 10131.378574281928476134608992862679488 0 2
71 54 2125/7668 982786454895 CLOSED 43 5.4510868197592991223461245731541640515 10017.214652866462164914331687319723198 0 2
72 25 4559/3600 1070154266370 CLOSED 47 4.3703013325148717709945496797515108687 9609.7692569895366475549714851221098627 0 2
72 37 3815/5328 11715886737870 CLOSED 48 4.4003285236552523530063728151468442385 9973.7816575305419824954337345267880591 0 2
72 61 1463/8784 40169141920446 CLOSED 35 8.6586718097791036176642197448032452362 10496.961751286234610055204854144392068 0 2
73 14 5133/2044 58150441838139 CLOSED 23 20.342578893750388854210551336797531019 10104.161909359508655559873368571990364 0 2
73 20 4929/2920 8105464426710 CLOSED 36 7.7855623507738699036906211951617403756 9874.6690824377271559382826179565913340 0 2
73 38 3885/5548 84529746756105 CLOSED 25 16.515166863309042317194540630865478637 10203.766687243713794126843069718752655 0 2
73 62 1485/9052 29772082391205 CLOSED 57 3.2349952539736727217300357863490463943 10491.052029185559112087673466209697836 0 2
74 13 5307/1924 62444547565491 CLOSED 46 4.9002606528613579085804486191017550097 10137.955590251247621376271350981119804 0 2
74 27 4747/3996 3459733333581 CLOSED 25 16.079195931569000143953416779862088315 9759.4357579219222200044429625159416571 0 2
74 55 2451/8140 300525014389215 CLOSED 47 4.8633930863347979540034554134937641736 10637.291578097181240671253721775541134 0 2
75 8 5561/1200 702705143490 CLOSED 37 7.2517624166407869549398040776952765410 9726.6469032228362260225608610974626844 0 2
75 26 4949/3900 1279745786865 CLOSED 48 4.2560205710456606232993310496143621757 9693.3209089739055404473543814184870629 0 2
75 44 3689/6600 36461788516230 CLOSED 50 4.1920246690370531007715123740633298969 10258.588536229477031233230918228078868 0 2
75 46 3509/6900 3884602420545 CLOSED 40 6.4448999027300756260190001153995938721 10070.225528214011732151657231598855069 0 2
75 68 1001/10200 52601928869490 CLOSED 48 4.7555028404841936985387972303113339414 10643.491789970138837371784948538259307 0 2
75 74 149/11100 10187015038305 CLOSED 35 8.6530625039839625985623782868167720721 10546.973808816388272538319775001000431 0 2
76 21 5335/3192 77795727986130 CLOSED 35 8.7063186114365164885773797962438946470 10164.146094528811903663333406892507942 0 2
76 33 4687/5016 18762660457926 CLOSED 44 5.2116124574955227532182539310210097488 9972.5994523408296473011141270003960766 0 2
77 2 5925/308 3194556887445 CLOSED 46 4.8795866356202662678865854094328239662 9928.7957232790854197579498397922259679 0 2
77 4 5913/616 1166383795038 CLOSED 34 8.7780131008359132969509886901815785185 9826.4198071527929295184853774803825612 0 2
77 16 5673/2464 22812219277386 CLOSED 49 4.2503538730716347584072029422645672434 10090.610430015924796838512050490730330 0 2
77 68 1305/10472 122947812341970 CLOSED 49 4.5369807961395425163401178985171873382 10749.446355207974027940834621628051467 0 2
77 72 745/11088 42124973192610 CLOSED 39 7.3384607727793823165998174282605529476 10688.061163966113659092716441429913786 0 2
78 11 5963/1716 83427461668551 CLOSED 48 4.5198079586460110404737447893291959677 10260.163056067978476566071865528717346 0 2
78 17 5795/2652 102003211140285 CLOSED 43 5.6797332829502940566664151485878639767 10257.403145667559551400399501541921220 0 2
78 47 3875/7332 11007353514885 CLOSED 35 8.5263165512635055820260451114097054121 10222.961353840936922487981061840766266 0 2
78 67 1595/10452 444698487298065 CLOSED 42 6.3420790841204586005540660820177514478 10876.480662494001800254503540272746036 0 2
78 73 755/11388 5663959609035 CLOSED 46 5.0711081544904632510097095333335060281 10508.766792830476615923863309104871498 0 2
79 18 5917/2844 37754276825937 CLOSED 30 11.505146475271653323592978750070658967 10174.679862002222629867772106567004475 0 2
80 21 5959/3360 30308767162590 CLOSED 40 6.5951204241540214063129799416619949027 10158.372181786742454115727277890631852 0 2
80 27 5671/4320 2296387689330 CLOSED 41 5.8817408906290639335604064772442093325 9860.7324418481624892298656029661543888 0 2
80 51 3799/8160 14435185932930 CLOSED 33 9.8330769165191767590166230684691297268 10335.668539332747918445631493151784288 0 2
80 57 3151/9120 131554222995930 CLOSED 45 5.4367661391220454224935978809185741047 10645.624088927808468981567344106110941 0 2
80 67 1911/10720 20351751673890 CLOSED 52 3.9994312999178340484315229622193181769 10588.311957845208625300604519449576263 0 2
80 73 1071/11680 342272925330 CLOSED 52 3.9019159603260008426141566453752387480 10248.394033409299800492382454753017384 0 2
81 34 5405/5508 309846970545 CLOSED 43 5.3440922876364859514426210462432511743 9637.0999247928723736465549694490651578 0 2
81 46 4445/7452 10972150240695 CLOSED 40 6.6031242573752186412050852984547847941 10235.628323578215202228803065464586214 0 2
82 1 6723/164 461159243097 CLOSED 40 6.3059145936396692506751806272851392917 9836.3327349759742667536975695928594201 0 2
82 21 6283/3444 149387589490839 CLOSED 33 9.6885136969075045204069961248715927964 10360.238813539666550020121417482541851 0 2
82 25 6099/4100 25490765651295 CLOSED 38 7.2057196902079306732359267280079893367 10159.637818955743330225296835214222099 0 2
82 47 4515/7708 339559745655795 CLOSED 47 5.0038300185069816473136007686882842992 10605.878326503155304691312747491041494 0 2
82 55 3699/9020 62724122502195 CLOSED 60 3.0261050994876691688499894869740256859 10562.736412293422184716469691015686059 0 2
82 61 3003/10004 683921476759521 CLOSED 42 6.1747957286813484779300945266111576642 10884.478656288196506092734711803122578 0 2
82 65 2499/10660 102171952841595 CLOSED 32 10.799521307404269291290300908945072000 10745.170790375765170670233950811001060 0 2
83 16 6633/2656 13558804052178 CLOSED 48 4.4227052863371929918441388628038426360 10163.655695401364886067200134106366568 0 2
83 50 4389/8300 90391770064365 CLOSED 36 8.5369249434223980498256414703089064319 10532.726069034887531799054863602553534 0 2
84 11 6935/1848 143150563310370 CLOSED 33 9.7776213800724511031633785502341145863 10434.960874456200893927513176938004497 0 2
84 13 6887/2184 160417916475726 CLOSED 34 9.4848385932001366682446419389282828430 10440.793034820718135189254140206010151 0 2
84 25 6431/4200 32031073408110 CLOSED 40 6.5251998540785002701986454658394813792 10224.881020065237474603488696390948502 0 2
84 47 4847/7896 371748543401046 CLOSED 23 20.643692321618422014580908227619168467 10634.213143194587690770611835184805418 0 2
84 53 4247/8904 578991831509154 CLOSED 35 9.2675009511762350513048906997296922381 10774.635662911614947761524681368352234 0 2
85 6 7189/1020 92835416450595 CLOSED 45 5.2906968181353165218329393600240495874 10420.430819757117476712663166080271465 0 2
85 8 7161/1360 60174989875770 CLOSED 50 4.2150132888129587502446099283196932474 10373.951725140674013411349092006885841 0 2
85 16 6969/2720 48773629273530 CLOSED 49 4.4102493817453823727526609090880787638 10331.202707049674695329920325125735269 0 2
85 18 6901/3060 67328580010755 CLOSED 34 9.3183128012750160153545103459133220797 10355.597878923491309250962768020216070 0 2
85 24 6649/4080 93465182562990 CLOSED 43 5.6385598935522613587742287192227665795 10358.638407508709579277613367461674011 0 2
85 26 6549/4420 168997377921645 CLOSED 43 5.8157380791642918868529676479940863686 10405.744547721914907211725817485954453 0 2
85 36 5929/6120 90374367930 CLOSED 49 4.1595715404209420933670371244620731040 9598.1765527592935734748163495735871796 0 2
85 44 5289/7480 2448702330690 CLOSED 48 4.4328417128161869862688643476975102243 10088.648390697060273474204146765659756 0 2
85 62 3381/10540 126838339017495 CLOSED 33 10.187605493182547735522171564607118227 10757.739704717561420560515089029647735 0 2
85 66 2869/11220 946851925428255 CLOSED 42 6.3003941720065681882414049112541016673 11008.778926775816605142254709502485738 0 2
85 72 2041/12240 151610539006290 CLOSED 49 4.5710541476935945858706450815550627655 10895.205255376220413887305637583916188 0 2
85 78 1141/13260 660128697431385 CLOSED 45 5.5362153794151832245573260508411604903 11106.351403796673655411516633454617621 0 2
86 3 7387/516 51745160672499 CLOSED 25 17.247157400734218713198349424015313581 10383.716785035636325684359588566053640 0 2
86 9 7315/1548 48231941207835 CLOSED 46 4.9174401027805585339211182934541899957 10368.850110580350485065056829737882407 0 2
86 11 7275/1892 33960630549615 CLOSED 44 5.5844134064096053647713839048657173117 10329.381578093780484607952392888210039 0 2
86 31 6435/5332 905138118885 CLOSED 64 2.4308842926659113428086094333068864944 9868.7410346795765895095460491845538718 0 2
86 35 6171/6020 1554231260505 CLOSED 54 3.4913028624897599679423825191070992451 9889.2931599654277862183110042251080891 0 2
86 67 2907/11524 347151906734703 CLOSED 32 10.802282166317554181018118690893911087 10929.828034128649210079520040175113906 0 2
86 71 2355/12212 1032363384029985 CLOSED 23 22.344263894296742635945970186474348682 11085.202194713793037973404597536008609 0 2
86 85 171/14620 44524347650265 CLOSED 48 4.7905327180503123659763461739031288550 10914.822316011356626777312034865959298 0 2
87 2 7565/348 37585995376755 CLOSED 44 5.5813702310021314224358739569485491362 10370.795364333815694322295497051475635 0 2
87 16 7313/2784 58188813078606 CLOSED 56 3.3284605105852931671942419090502730276 10387.398515921362466743864793949455810 0 2
87 28 6785/4872 184288785003330 CLOSED 34 9.1413005150641979217338236904762619113 10442.728170505065321615463457231451766 0 2
87 46 5453/8004 374577164126571 CLOSED 31 11.587172818589139893188478560610366048 10645.839250902214000486558010150203470 0 2
87 56 4433/9744 406542225607518 CLOSED 52 4.0793545633336272475145047668174869090 10811.396483515235263763771948585576626 0 2
87 82 845/14268 47034522407145 CLOSED 45 5.5630783303930509193033598531304832734 10900.809933914254251438926356656643526 0 2
88 37 6375/6512 52352682690 CLOSED 49 4.1264524738502118766592666475593776722 9593.2484279681179024391021572738972011 0 2
88 41 6063/7216 11961640449066 CLOSED 41 6.2132057022920720540730914891703658959 10218.517451027810427499186646767862184 0 2
88 47 5535/8272 24030885645690 CLOSED 51 4.0210946470488041432380478847116941972 10397.541379481740669308012178414778403 0 2
88 85 519/14960 216944743916670 CLOSED 45 5.7172497295061461456017035472941601754 11091.574581294270946286561657201281926 0 2
89 2 7917/356 44075060181789 HARD_NO_GENS 0 0.E-38 0.E-38 0 1
89 6 7885/1068 128491629722295 CLOSED 48 4.7282872532604932654785467743587372995 10526.862487497143961372048929235326030 0 2
89 8 7857/1424 3092582652054 CLOSED 36 7.9942342718625453925103255343958253152 10151.330873287654352563123124567978880 0 2
89 44 5985/7832 99686475293790 CLOSED 43 5.9417627559644816777805391721993261032 10496.083660335309949774118130890272173 0 2
89 56 4785/9968 455891542765890 CLOSED 49 4.6032178456265181074076772489085209939 10841.035798055960161383376255533071912 0 2
89 66 3565/11748 187429641453285 CLOSED 41 6.5169051001483508106610998995243853416 10883.593098388237802853747105495236301 0 2
89 84 865/14952 720440358616230 CLOSED 29 13.917505878719949284836754888388476743 11211.168654325437320854988629521765283 0 2
89 88 177/15664 85022886716922 CLOSED 42 6.3735863483264119999809870077070451554 11034.690450983164287551729961635904660 0 2
90 11 7979/1980 78655121017935 CLOSED 45 5.3677890761048273359863365477740574667 10487.264080925984174760667448118211176 0 2
90 41 6419/7380 241242466395 CLOSED 35 8.2193085565368473043892815409616648782 9846.1299690055828836045619320225178821 0 2
90 73 2771/13140 500593256789955 CLOSED 39 7.4043814439220776752239709183238936233 11071.414536088852632007964602883891211 0 2
90 77 2171/13860 469872232124295 CLOSED 46 5.3846919151776039076130887709559232205 11107.758010908278343247214619788285072 0 2
91 36 6985/6552 22354727405010 CLOSED 37 7.8229101137731107139326007931399534963 10255.022110515274081621172453601824667 0 2
91 44 6345/8008 33689000334990 CLOSED 47 4.9116649718917480221506592610334874311 10405.376306841219465097362569593241026 0 2
91 66 3925/12012 303821850577245 CLOSED 34 9.6398865830613464272596407651695223670 10949.675406054696165955343184156088824 0 2
92 1 8463/184 27869264933874 CLOSED 33 9.6637551419656515342405146970871546249 10430.621757961928490354832170454577637 0 2
92 17 8175/3128 10419658907910 CLOSED 44 5.4603847622207613033172017479958708140 10304.540338347597816187869484505499746 0 2
92 45 6439/8280 120392549005890 CLOSED 41 6.3091871326617416726215601446713346584 10559.456474058959611305985761350718349 0 2
92 53 5655/9752 870262674500310 CLOSED 53 3.9566529273846198971752591547707963290 10888.163757600894333730448235516615606 0 2
92 73 3135/13432 1795861425104670 CLOSED 31 12.415649615304116376215745444132326539 11216.742279435880942837271089801645249 0 2
92 87 895/16008 914986304139810 CLOSED 31 11.797164663210112852171478072872392703 11289.668122304738718613706101327669846 0 2
93 34 7493/6324 191344450605609 CLOSED 30 12.310735024875236441648704010455718584 10525.889256901700647128209826013571752 0 2
93 38 7205/7068 24894669650235 CLOSED 31 10.797891585612975011696602619752502681 10290.591889368019195890912485386439622 0 2
93 40 7049/7440 37138608608430 CLOSED 45 5.1451909108231946850134144469819983073 10356.268723034436565878465080300098469 0 2
93 44 6713/8184 42996759631518 CLOSED 44 5.6161064033078211944043879256031007714 10447.163633242773975460381573472751140 0 2
93 64 4553/11904 102448991221206 CLOSED 36 8.7597688548214272039797169521080812538 10833.742420060043860595240417222574470 0 2
93 92 185/17112 33102839492310 CLOSED 35 9.3748599394141898613939639166113391806 11011.092218599631549361801253145492457 0 2
94 31 7875/5828 4291235522385 CLOSED 45 5.0552097924932652488244150384639768900 10185.918351751088919974539600201691465 0 2
94 35 7611/6580 183180520857495 CLOSED 33 10.045618407146445677422704624713201107 10534.029202145749378599303547819876371 0 2
94 39 7315/7332 3338676946605 CLOSED 53 3.6423559753798959532389089034431248495 10103.662459234521799404243970325490200 0 2
94 49 6435/9212 30664095356895 CLOSED 41 6.3997017561356275985446227259203372638 10508.021164126095256261119115389865064 0 2
94 53 6027/9964 135026160029817 CLOSED 39 7.3094483383668146813124777297530321009 10719.036066464965913705961691189132962 0 2
94 55 5811/10340 1098786109786365 CLOSED 45 5.6188508030591486744398243560843787187 10958.318361331172310224823911575511954 0 2
94 57 5587/10716 1251559821292851 CLOSED 42 6.2979494390496161875896396150430071846 10999.911287064867511797999149191923290 0 2
94 59 5355/11092 467045973544395 CLOSED 35 8.9464483833982434102379203815093902665 10928.928406705800683492669927180388329 0 2
94 93 187/17484 35690800217457 CLOSED 32 11.086278910140070669729041100673729027 11035.824572238020795641093726029619812 0 2
95 42 7261/7980 158738287318905 CLOSED 33 9.7437578924788456477216110656509575659 10557.582749386194248288607406704927471 0 2
95 86 1629/16340 586351438065645 CLOSED 46 5.4209588970362771326022177492147493949 11261.591139671665522930454936485552025 0 2
96 11 9095/2112 46976218389870 CLOSED 48 4.6470081711170740439130885658635966245 10540.450332549449248365283247573048900 0 2
96 25 8591/4800 1189430533830 CLOSED 48 4.4714855123369866935893583120148040028 10127.225914661819443586417704325599648 0 2
96 47 7007/9024 9127454950614 CLOSED 51 4.1275705610306948802494402153941242843 10370.345180479994059792258461119160480 0 2
96 49 6815/9408 12040619588970 CLOSED 40 6.5921095738593419856834652716912387591 10431.383237647032987658882462569479153 0 2
96 73 3887/14016 23748581896494 CLOSED 46 5.1942592841571484495942448253662223919 10818.218244041458417568472338243032550 0 2
96 89 1295/17088 200766869870070 CLOSED 52 4.2961271273721196353077255663837977821 11190.221943352613034895224413070037350 0 2
97 8 9345/1552 153954597550530 CLOSED 39 7.2128578836894716045291975361654813395 10680.845261289074407185006156947184106 0 2
97 24 8833/4656 26331934120338 CLOSED 45 5.2269517098980998780836676695187923634 10459.180343760611226538098794997321384 0 2
97 28 8625/5432 21028603308510 CLOSED 42 6.0016089394879082169599229640978888088 10417.626662439303314259166896765370246 0 2
97 30 8509/5820 477032756535195 CLOSED 41 6.5152251631942840124737742101942647188 10718.964392323707638617558728478237285 0 2
97 38 7965/7372 2119169412465 CLOSED 40 6.4123968424595360661618328145389485663 10124.454312002413596828890513551846396 0 2
97 40 7809/7760 825516799590 CLOSED 28 13.596693703444765437885602281457738759 10014.353300020649193567613423934634214 0 2
97 54 6493/10476 127704131528001 CLOSED 38 7.5880405184053828239991998911062951514 10753.547487685526970125657395416220786 0 2
97 64 5313/12416 129797880410814 CLOSED 33 10.234571401853569524233685760620060552 10891.092952979446170632871159771067662 0 2
97 68 4785/13192 2385013596774270 CLOSED 35 9.3249570957586447217088908533202613192 11230.690813410379039768407082150871691 0 2
97 70 4509/13580 279091898660505 CLOSED 33 10.706982559018443428621332096247912244 11039.338943829573738946191210198874965 0 2
97 92 945/17848 148825986592290 CLOSED 41 6.7614746194908113461508845126355796139 11195.097275305572730097115321376730553 0 2
97 96 193/18624 38956468281402 CLOSED 25 19.096873490420308257035682979403146654 11095.111674498190555029436366201107607 0 2
98 15 9379/2940 78115949366595 CLOSED 42 6.1492541794922430944089581898408506888 10615.904278123812739692009399293071541 0 2
98 33 8515/6468 60327211909965 CLOSED 45 5.3803867316973470587714890487191063302 10512.748113809732513382299046248244290 0 2
98 43 7755/8428 25422742351545 CLOSED 31 11.247476435849549508018976703001041572 10418.118345691376537711235392924884114 0 2
98 73 4275/14308 27152661111765 CLOSED 43 5.8727113022885677934852390423792161105 10848.108897570288530168346566850341062 0 2
98 97 195/19012 47853566046195 CLOSED 35 9.3294509744212652997612592570151926909 11132.177185844313980257488680429559985 0 2
99 16 9545/3168 51072172505970 CLOSED 47 4.9097511933179729769483827819752048490 10587.444278473045153201427400452789273 0 2
99 32 8777/6336 21370195521906 CLOSED 46 5.1396929417796801565362454094651139350 10433.213787531856470676155616213457266 0 2
99 56 6665/11088 241785816950370 CLOSED 45 5.5555382517269341669786828610957457470 10862.802316770714806062827294638939211 0 2
99 64 5705/12672 48208099440270 CLOSED 47 4.8954530482490567348895474732900616206 10808.374907348180156453050646286703109 0 2
99 70 4901/13860 4305166310445 CLOSED 35 9.1459720739031206438560930545019579921 10638.493506694003173516674545126674407 0 2
99 92 1337/18216 669827991382242 CLOSED 31 12.169941120819507911968843105589600714 11361.848692802132541111590641181765305 0 2
99 94 965/18612 517078092077085 CLOSED 34 10.291251926019200275930059259563701484 11353.170953125161359432245300849709022 0 2
100 21 9559/4200 13455805437690 CLOSED 40 6.7744668652133928206972162560208192248 10455.233894441562812487832416254291497 0 2
100 23 9471/4600 149302391845530 CLOSED 35 9.2083322606474634459388491304287584345 10688.491305855290584251645063900587064 0 2
100 49 7599/9800 20370365204070 CLOSED 40 6.6115782332407642777409826330117091412 10516.620359180162805869316626248498130 0 2
100 89 2079/17800 64250526072810 CLOSED 50 4.6182109135170979514825649816374000620 11108.944091781542640127319332744552949 0 2
100 93 1351/18600 432381285507570 CLOSED 34 9.8090238270929183552063682157194356958 11334.766379785753144140015701744659772 0 2
