4 3
5 2
7 6
8 3
8 5
10 1
10 3
11 2
11 6
11 8
12 7
12 11
13 8
13 10
13 12
14 1
14 3
14 5
15 4
15 8
15 14
16 3
16 5
16 11
16 13
16 15
17 8
17 10
17 16
18 1
18 13
19 2
19 4
19 10
19 12
20 3
20 19
21 2
21 8
21 10
21 16
22 3
22 13
22 15
23 2
23 4
23 16
23 18
23 22
24 1
24 5
24 23
25 2
25 12
25 14
25 16
26 1
26 5
26 11
26 19
26 21
26 23
26 25
27 20
27 22
27 26
28 1
28 3
28 5
28 9
28 11
28 13
28 19
29 2
29 4
29 8
29 10
29 20
29 24
29 26
29 28
30 7
30 11
30 29
31 4
31 8
31 12
31 20
31 22
31 28
32 3
32 7
32 9
32 13
32 17
32 25
32 27
32 29
33 4
33 8
33 16
33 26
33 32
34 3
34 5
34 7
34 11
34 15
34 21
34 27
34 29
34 31
34 33
35 2
35 4
35 18
35 24
35 26
35 32
36 5
36 7
36 11
36 17
36 29
36 31
37 2
37 14
37 16
38 1
38 3
38 5
38 7
38 9
38 15
38 23
38 29
39 10
39 20
39 28
39 38
40 1
40 3
40 7
40 9
40 17
40 19
40 21
40 23
41 2
41 4
41 8
41 10
41 12
41 20
41 22
41 24
41 26
41 28
41 30
41 38
41 40
42 5
42 11
42 13
42 19
42 23
42 25
42 31
43 4
43 8
43 10
43 12
43 18
43 22
43 24
43 38
43 40
43 42
44 1
44 3
44 5
44 13
44 15
44 17
44 19
44 21
44 23
44 25
44 37
44 39
44 41
44 43
45 2
45 16
45 26
45 44
46 3
46 5
46 13
46 15
46 19
46 21
46 37
46 41
46 43
46 45
47 2
47 6
47 10
47 14
47 20
47 22
47 28
47 34
47 42
47 46
48 1
48 7
48 11
48 19
48 29
48 31
48 35
48 37
48 47
49 10
49 12
49 26
49 30
49 36
49 40
49 44
49 48
50 9
50 17
50 19
50 21
50 23
50 29
50 31
51 2
51 4
51 8
51 10
51 14
51 16
51 22
51 26
51 32
51 40
51 44
51 46
51 50
52 5
52 7
52 9
52 11
52 17
52 21
52 23
52 27
52 29
52 35
52 43
52 45
53 2
53 4
53 8
53 10
53 12
53 14
53 16
53 18
53 22
53 24
53 30
53 36
53 40
53 42
53 48
53 50
53 52
54 7
54 11
54 13
54 19
54 23
54 35
54 37
54 41
54 53
55 2
55 24
55 28
55 34
55 46
55 52
56 5
56 9
56 13
56 15
56 19
56 27
56 29
56 33
56 37
56 43
56 51
56 55
57 14
57 16
57 20
57 22
57 28
57 34
57 50
57 52
58 3
58 5
58 7
58 9
58 11
58 13
58 19
58 21
58 27
58 31
58 33
58 35
58 41
58 43
58 49
58 53
59 2
59 4
59 10
59 12
59 14
59 16
59 22
59 24
59 26
59 28
59 36
59 38
59 44
59 46
59 54
59 56
60 7
60 13
60 17
60 41
60 49
60 59
61 2
61 6
61 12
61 14
61 18
61 20
61 34
61 36
61 48
61 50
61 52
61 54
61 58
61 60
62 3
62 7
62 9
62 11
62 13
62 17
62 19
62 21
62 35
62 45
62 47
62 49
62 51
62 53
62 55
62 57
62 61
63 2
63 8
63 10
63 16
63 20
63 40
63 46
64 1
64 7
64 9
64 17
64 19
64 21
64 25
64 27
64 37
64 39
64 41
64 49
64 55
65 2
65 4
65 6
65 16
65 22
65 24
65 34
65 38
65 48
65 56
65 58
65 62
65 64
66 7
66 13
66 29
66 31
66 35
66 37
66 41
66 43
66 61
67 6
67 12
67 26
67 40
67 56
67 58
67 62
67 66
68 1
68 5
68 7
68 11
68 13
68 15
68 19
68 21
68 23
68 25
68 27
68 31
68 43
68 45
68 53
68 57
68 59
68 67
69 8
69 16
69 20
69 28
69 32
69 38
69 40
69 44
69 52
69 58
69 62
70 23
70 27
70 41
70 47
70 51
70 67
71 6
71 8
71 12
71 14
71 26
71 32
71 34
71 40
71 46
71 48
71 58
71 60
71 64
71 70
72 7
72 11
72 13
72 19
72 23
72 29
72 31
72 35
72 41
72 43
72 49
72 55
72 59
72 71
73 2
73 4
73 6
73 16
73 22
73 32
73 42
73 44
73 48
73 50
73 52
73 56
73 60
73 64
73 70
74 3
74 9
74 11
74 17
74 19
74 21
74 23
74 25
74 29
74 41
74 53
74 59
74 61
74 67
74 71
75 4
75 28
75 32
75 52
75 56
75 62
75 64
76 1
76 3
76 5
76 15
76 23
76 27
76 37
76 39
76 43
76 51
76 55
76 59
76 63
76 65
76 69
76 71
77 6
77 18
77 20
77 24
77 30
77 38
77 46
77 54
77 62
77 64
77 74
77 76
78 1
78 19
78 23
78 35
78 37
78 43
78 49
78 53
78 59
78 61
78 77
79 8
79 16
79 22
79 24
79 26
79 32
79 36
79 38
79 40
79 48
79 52
79 54
79 64
79 66
79 68
79 74
80 1
80 17
80 29
80 31
80 33
80 39
80 41
80 43
80 49
80 59
80 63
80 69
80 77
81 4
81 10
81 16
81 20
81 22
81 38
81 44
81 56
81 62
81 64
81 70
82 9
82 11
82 13
82 17
82 27
82 33
82 37
82 45
82 49
82 53
82 63
82 77
83 6
83 8
83 10
83 12
83 18
83 26
83 28
83 30
83 34
83 36
83 38
83 42
83 48
83 52
83 54
83 58
83 70
83 72
83 78
83 80
84 1
84 5
84 17
84 23
84 29
84 31
84 41
84 59
84 61
84 65
84 67
84 71
84 83
85 2
85 4
85 12
85 14
85 28
85 38
85 42
85 48
85 52
85 54
85 58
85 64
85 76
85 82
85 84
86 1
86 5
86 7
86 19
86 21
86 29
86 37
86 39
86 41
86 45
86 55
86 57
86 59
86 61
86 63
86 65
86 69
86 73
86 79
87 8
87 14
87 26
87 34
87 40
87 50
87 62
87 64
87 74
88 9
88 13
88 15
88 17
88 23
88 25
88 27
88 39
88 43
88 45
88 49
88 53
88 59
88 69
88 73
88 75
88 79
88 83
88 87
89 10
89 16
89 22
89 28
89 34
89 36
89 40
89 42
89 48
89 50
89 58
89 60
89 64
89 70
89 78
90 1
90 13
90 17
90 19
90 23
90 29
90 37
90 43
90 49
90 53
90 61
90 71
90 79
90 89
91 2
91 10
91 12
91 16
91 20
91 24
91 34
91 48
91 50
91 72
91 74
91 80
91 86
91 88
92 7
92 15
92 25
92 29
92 31
92 33
92 35
92 37
92 41
92 43
92 49
92 51
92 71
92 77
92 79
92 85
92 89
93 4
93 8
93 10
93 16
93 22
93 28
93 32
93 46
93 52
93 74
93 82
93 86
93 88
94 5
94 7
94 11
94 29
94 33
94 41
94 65
94 69
94 71
94 85
95 4
95 8
95 12
95 14
95 18
95 22
95 26
95 36
95 44
95 48
95 56
95 62
95 72
95 74
96 5
96 7
96 19
96 23
96 31
96 35
96 37
96 43
96 53
96 59
96 65
96 71
96 77
96 79
96 83
97 6
97 20
97 26
97 34
97 42
97 44
97 46
97 58
97 66
97 72
97 76
97 80
97 86
98 1
98 13
98 17
98 23
98 37
98 41
98 45
98 47
98 51
98 53
98 57
98 61
98 65
98 67
98 69
98 81
98 85
99 10
99 20
99 46
99 50
99 52
99 58
99 62
99 68
99 74
99 82
99 86
99 98
100 1
100 11
100 13
100 27
100 37
100 39
100 57
100 61
100 63
100 77
100 81
100 83
53 26
54 47
58 51
62 15
67 28
70 31
71 28
71 36
73 54
76 13
76 35
77 10
79 10
79 60
83 66
83 68
83 74
88 51
89 14
89 18
90 47
91 38
91 82
92 21
92 83
93 56
94 1
94 51
94 91
95 78
97 10
99 2
100 71
