# m n wp wm wmn w(m+n) w(m-n)
301 44 3 4 4 3 1
301 158 3 4 4 2 2
301 232 3 4 4 2 2
302 115 3 4 4 2 2
302 209 3 4 4 2 2
303 292 3 4 4 3 1
304 213 3 4 4 2 2
304 235 3 4 4 2 2
305 178 3 4 4 3 1
305 284 3 4 4 2 2
306 97 3 4 4 2 2
306 163 3 4 4 2 2
307 174 3 4 4 2 2
307 230 3 4 4 2 2
308 247 3 4 5 3 1
308 277 3 4 4 3 1
309 62 3 4 4 2 2
309 218 3 4 4 2 2
310 101 3 4 4 2 2
310 127 3 4 4 2 2
312 11 3 4 4 2 2
312 59 3 4 4 2 2
314 77 3 4 4 2 2
314 85 3 4 4 3 1
314 93 3 4 4 2 2
314 219 3 4 4 2 2
314 237 3 4 4 2 2
314 247 3 4 4 3 1
317 222 3 4 4 2 2
317 266 3 4 4 2 2
318 17 3 4 4 2 2
318 109 3 4 4 2 2
318 133 3 4 5 2 2
318 199 3 4 4 2 2
318 241 3 4 4 2 2
319 52 3 4 4 2 2
319 72 3 4 4 2 2
319 74 3 4 4 2 2
319 84 3 4 5 2 2
319 118 3 4 4 2 2
319 158 3 4 4 2 2
319 178 3 4 4 2 2
319 186 3 4 5 2 2
319 262 3 4 4 2 2
320 133 3 4 4 2 2
321 20 3 4 4 2 2
322 13 3 4 4 2 2
322 67 3 4 4 1 3
322 151 3 4 4 2 2
322 167 3 4 4 2 2
322 179 3 4 4 2 2
322 193 3 4 4 2 2
322 239 3 4 4 3 1
323 62 3 5 4 3 2
323 88 3 4 4 2 2
323 106 3 5 4 3 2
323 146 3 4 4 2 2
323 236 3 4 4 2 2
324 259 3 4 4 2 2
326 143 3 4 4 2 2
326 301 3 4 4 3 1
327 124 3 4 4 2 2
327 166 3 4 4 2 2
327 184 3 4 4 2 2
328 119 3 4 4 2 2
328 141 4 4 4 2 2
328 253 3 4 4 2 2
329 62 3 4 4 2 2
329 124 3 4 4 2 2
329 142 3 4 4 2 2
329 152 3 4 4 2 2
329 214 3 4 4 2 2
329 254 3 4 4 2 2
332 161 3 4 4 2 2
332 185 3 4 4 2 2
332 221 3 4 4 2 2
332 253 3 4 4 3 1
333 248 3 4 4 2 2
334 95 3 4 4 3 1
334 117 3 4 4 2 2
334 215 3 4 4 2 2
335 76 3 4 4 2 2
335 158 3 4 4 2 2
335 192 3 4 4 2 2
335 224 3 4 4 2 2
336 101 3 4 4 2 2
337 190 3 4 4 2 2
337 246 3 4 4 2 2
337 252 3 4 4 2 2
337 286 3 4 4 2 2
338 33 3 4 4 2 2
338 145 3 4 4 3 1
339 38 3 4 4 2 2
339 178 3 4 4 2 2
340 67 3 5 4 2 3
340 179 3 4 4 2 2
340 211 3 4 4 2 2
340 241 3 4 4 2 2
340 263 3 4 4 2 2
341 26 3 4 4 1 3
341 54 3 4 4 2 2
341 76 3 4 4 2 2
341 82 3 4 4 2 2
341 106 3 4 4 2 2
341 142 3 4 4 3 1
341 152 3 4 4 2 2
341 208 3 4 4 2 2
341 268 3 4 4 3 1
341 322 4 4 5 3 1
342 43 3 5 4 3 2
342 139 3 4 4 2 2
343 286 3 4 4 2 2
344 69 3 4 4 2 2
344 217 3 4 4 3 1
344 267 3 4 4 2 2
346 129 3 4 4 2 2
346 143 3 4 4 2 2
346 203 3 4 4 2 2
346 213 3 4 4 2 2
347 126 3 4 4 2 2
347 130 3 4 4 2 2
347 186 3 4 4 2 2
347 228 3 4 4 2 2
347 280 3 4 4 3 1
348 89 3 4 4 2 2
348 107 3 4 4 3 1
348 257 3 4 4 2 2
348 317 3 4 4 3 1
349 102 3 4 4 2 2
349 140 3 4 4 2 2
350 239 3 4 4 2 2
350 317 3 4 4 2 2
351 142 3 4 4 2 2
351 232 3 4 4 2 2
352 93 3 4 4 2 2
352 299 3 4 4 3 1
353 102 3 4 4 3 1
353 276 3 4 4 2 2
354 199 3 4 4 2 2
354 311 3 4 4 3 1
355 26 3 4 4 2 2
355 58 3 4 4 2 2
355 124 3 4 4 1 3
355 206 3 4 4 3 1
355 212 3 4 4 2 2
356 195 3 4 5 2 2
356 259 3 4 4 3 1
356 323 3 4 4 2 2
358 35 3 4 4 2 2
358 217 3 4 4 2 2
358 225 3 4 4 2 2
358 335 3 4 4 3 1
359 138 3 4 4 2 2
359 156 3 4 4 2 2
359 308 3 4 4 2 2
360 199 3 4 4 2 2
361 154 3 4 4 2 2
362 63 3 4 4 2 2
362 65 3 4 4 2 2
362 133 3 4 4 3 1
362 301 3 4 4 3 1
362 341 3 4 4 2 2
363 28 3 4 4 2 2
363 92 3 4 4 3 1
364 23 3 4 4 2 2
364 43 3 4 4 2 2
364 73 3 4 4 2 2
364 163 3 4 4 2 2
364 263 3 4 4 3 1
364 307 3 4 4 2 2
365 86 3 4 4 2 2
365 104 3 4 4 2 2
365 118 3 5 4 3 2
366 47 3 4 4 2 2
366 107 3 4 4 2 2
366 161 3 4 5 2 2
366 223 3 4 4 2 2
367 130 3 4 4 2 2
367 228 3 4 4 3 1
368 39 3 4 4 2 2
368 45 3 4 4 2 2
368 95 3 4 4 1 3
368 143 3 4 4 2 2
368 215 3 4 4 2 2
368 221 3 4 4 2 2
368 259 3 4 4 3 1
369 68 3 4 4 2 2
369 116 3 4 4 2 2
369 148 3 4 4 2 2
369 184 3 4 4 2 2
370 113 3 4 4 3 1
370 139 3 4 4 1 3
370 239 3 4 4 3 1
371 74 3 4 4 2 2
371 80 3 4 4 2 2
371 162 3 4 4 2 2
371 188 3 4 4 2 2
371 218 3 4 4 2 2
371 292 3 4 4 3 1
371 332 3 4 4 2 2
371 334 3 4 4 3 1
372 43 3 4 4 2 2
372 211 3 4 4 2 2
372 239 3 4 4 2 2
373 222 3 4 4 3 1
374 3 3 4 4 2 2
374 73 3 4 4 2 2
374 127 3 4 4 2 2
374 271 3 4 4 3 1
374 283 4 4 4 2 2
374 367 3 4 4 3 1
376 75 3 4 4 2 2
376 77 3 4 4 2 2
376 145 3 4 4 1 3
376 161 3 4 4 2 2
376 221 3 4 4 2 2
376 247 3 4 4 2 2
376 287 3 4 4 3 1
376 365 3 4 4 3 1
377 74 3 4 4 2 2
377 106 3 4 4 3 1
377 124 3 4 4 2 2
377 146 3 4 4 1 3
377 176 3 4 4 2 2
377 184 3 4 4 3 1
377 244 3 4 4 2 2
377 328 3 4 4 3 1
377 344 3 4 4 2 2
378 59 3 4 4 2 2
378 157 3 4 4 2 2
379 286 3 5 4 3 2
380 93 3 4 5 2 2
380 163 3 4 4 2 2
380 181 3 4 4 3 1
380 193 3 4 4 2 2
380 313 3 4 4 3 1
380 341 3 4 5 2 2
381 164 3 4 4 2 2
381 178 3 4 4 2 2
381 214 3 4 4 3 1
382 129 4 4 4 2 2
382 253 3 4 4 2 2
382 287 3 4 4 2 2
383 240 3 4 4 2 2
383 266 3 4 4 2 2
384 329 3 4 4 2 2
386 85 3 4 4 2 2
386 87 3 4 4 2 2
386 133 4 4 4 2 2
386 175 3 4 4 3 1
386 203 3 4 4 2 2
386 253 4 4 4 2 2
386 309 3 4 4 2 2
387 166 3 4 4 2 2
387 268 3 4 4 2 2
388 63 3 4 4 2 2
388 129 3 4 4 2 2
388 171 3 4 4 2 2
388 185 3 4 4 2 2
388 245 3 4 4 2 2
388 301 3 4 4 2 2
389 70 3 4 4 2 2
391 22 3 4 4 2 2
391 82 3 4 4 2 2
391 118 3 4 4 1 3
391 142 3 4 4 2 2
391 174 3 4 5 2 2
391 218 3 4 4 3 1
391 226 3 4 4 1 3
391 248 3 4 4 2 2
391 274 3 5 4 3 2
391 356 3 4 4 2 2
392 183 3 4 4 2 2
393 134 3 4 4 2 2
393 158 3 4 4 2 2
394 187 3 4 4 2 2
394 189 3 4 4 2 2
394 201 3 4 4 3 1
394 319 3 4 4 2 2
395 234 3 4 5 2 2
395 298 3 4 4 3 1
396 97 3 4 4 2 2
396 193 3 4 4 2 2
396 199 3 4 4 3 1
396 269 3 4 4 3 1
397 282 4 4 4 2 2
397 306 3 4 4 2 2
398 57 3 5 4 3 2
398 161 3 4 4 2 2
398 183 3 4 4 2 2
398 299 3 4 4 2 2
399 8 3 4 4 2 2
401 114 3 4 4 2 2
401 266 3 4 4 2 2
401 286 3 4 4 2 2
401 380 3 4 4 2 2
402 269 3 4 4 2 2
402 347 3 4 4 2 2
403 22 3 4 4 2 2
403 94 3 4 4 2 2
403 116 3 4 4 2 2
403 136 3 4 4 2 2
403 142 3 4 4 2 2
403 150 3 4 5 2 2
403 206 3 4 4 3 1
403 218 3 4 4 2 2
403 224 4 4 4 3 1
403 268 3 4 4 2 2
403 284 3 4 4 2 2
403 334 3 4 4 2 2
403 346 3 4 4 2 2
403 388 3 4 4 2 2
404 33 3 4 4 2 2
404 69 3 4 4 2 2
404 187 3 4 4 2 2
404 327 3 4 4 2 2
404 341 3 4 4 2 2
405 146 3 4 4 2 2
405 244 3 4 4 2 2
406 67 3 4 4 2 2
406 89 3 4 4 3 1
406 127 3 4 4 2 2
406 169 3 4 4 2 2
406 179 3 4 4 3 1
406 197 3 4 4 2 2
406 223 3 4 4 2 2
406 257 3 4 4 3 1
406 263 3 4 4 2 2
406 283 3 4 4 2 2
406 349 3 4 4 2 2
406 353 4 4 4 3 1
407 20 3 4 4 2 2
407 30 3 4 5 2 2
407 86 3 4 4 2 2
407 98 3 4 4 2 2
407 104 3 4 4 2 2
407 106 3 4 4 2 2
407 146 3 4 4 2 2
407 232 3 4 4 2 2
407 244 3 4 4 3 1
407 302 3 4 4 1 3
407 314 3 4 4 2 2
407 342 3 4 5 2 2
407 358 3 4 4 3 1
408 103 3 4 4 2 2
408 109 3 4 4 2 2
409 186 3 4 4 3 1
409 290 3 4 4 2 2
409 370 3 4 4 2 2
410 19 3 5 4 3 2
410 179 3 5 4 2 3
410 193 3 4 4 2 2
410 269 3 4 4 2 2
410 277 3 4 4 2 2
410 367 3 4 4 3 1
410 389 3 4 4 2 2
411 124 3 4 4 2 2
411 268 3 4 4 2 2
411 278 3 4 4 2 2
411 292 3 4 4 2 2
412 35 3 4 4 2 2
412 215 3 4 4 3 1
412 237 3 4 4 2 2
412 247 3 4 4 1 3
412 319 3 4 4 2 2
412 329 3 4 4 3 1
412 391 3 4 4 2 2
412 407 3 4 4 3 1
413 94 3 4 4 2 2
413 176 3 4 4 2 2
413 214 3 4 4 3 1
413 226 3 4 4 2 2
413 232 3 4 4 3 1
413 258 4 4 5 2 2
413 284 3 4 4 2 2
413 292 3 4 4 3 1
414 37 3 4 4 2 2
414 197 3 4 4 2 2
414 281 3 4 4 2 2
414 301 3 4 5 3 1
414 323 3 4 5 2 2
415 86 3 4 4 2 2
415 96 3 4 4 2 2
415 112 3 4 4 2 2
415 278 3 4 4 3 1
415 376 3 4 4 2 2
416 185 3 4 4 1 3
416 207 3 4 4 2 2
416 287 3 4 4 2 2
416 321 3 4 4 2 2
417 116 3 4 4 2 2
417 164 3 4 4 2 2
417 332 3 4 4 2 2
417 382 3 4 4 2 2
418 23 3 4 4 2 2
418 61 3 4 4 1 3
418 79 3 4 4 2 2
418 113 3 4 4 2 2
418 117 3 4 5 2 2
418 119 3 4 5 2 2
418 127 3 4 4 2 2
418 191 3 4 4 3 1
418 193 3 4 4 2 2
418 211 3 4 4 2 2
418 215 3 4 5 2 2
418 233 3 5 4 3 2
418 263 3 4 4 2 2
418 289 4 4 4 2 2
418 295 3 4 5 2 2
418 349 3 4 4 2 2
418 359 3 4 4 3 1
418 387 3 4 5 3 1
418 397 3 4 4 2 2
419 78 3 4 4 2 2
419 132 3 4 4 2 2
419 210 3 4 5 2 2
421 168 4 4 4 2 2
422 95 3 4 4 2 2
422 201 3 4 4 2 2
422 299 3 4 4 2 2
422 319 3 4 4 3 1
422 355 3 4 4 3 1
422 371 3 4 4 2 2
423 88 3 4 4 2 2
423 104 3 4 4 2 2
423 136 3 4 4 2 2
423 214 3 4 4 2 2
423 332 3 4 4 2 2
423 382 3 4 4 3 1
424 129 3 4 4 2 2
424 161 3 4 4 3 1
424 187 3 4 4 2 2
424 203 3 5 4 3 2
424 259 3 4 4 1 3
425 254 3 4 4 2 2
425 292 3 4 4 2 2
426 11 3 4 4 2 2
426 41 3 4 4 1 3
426 223 3 4 4 2 2
426 311 3 4 4 2 2
426 349 3 4 4 2 2
426 379 3 4 4 3 1
427 24 3 4 4 2 2
427 46 3 4 4 2 2
427 68 3 4 4 3 1
427 134 3 4 4 3 1
427 212 3 4 4 2 2
427 284 3 4 4 2 2
427 298 3 4 4 2 2
427 314 3 4 4 3 1
427 328 3 4 4 2 2
427 376 3 4 4 2 2
428 99 3 4 4 2 2
428 133 3 5 4 3 2
428 161 3 4 4 2 2
428 187 3 4 4 3 1
428 207 3 4 4 2 2
428 209 3 4 4 2 2
428 265 3 4 4 3 1
428 351 3 4 4 2 2
428 371 3 4 4 2 2
429 16 3 4 4 2 2
429 268 3 4 5 2 2
430 31 3 4 4 1 3
430 89 3 4 4 2 2
430 143 3 4 5 2 2
430 269 3 4 4 2 2
430 307 3 4 4 2 2
430 337 3 4 4 2 2
431 364 3 4 4 3 1
431 374 3 5 4 3 2
432 299 3 4 4 2 2
433 230 3 5 4 3 2
433 246 3 4 4 2 2
433 280 3 4 4 2 2
433 372 3 4 4 3 1
434 17 3 4 4 2 2
434 43 3 4 4 2 2
434 71 3 4 4 2 2
434 83 3 4 4 2 2
434 181 3 5 4 3 2
434 199 3 4 4 2 2
434 233 3 4 4 2 2
434 247 3 4 5 2 2
434 307 3 4 4 3 1
434 347 3 4 4 2 2
434 365 3 4 5 2 2
434 383 3 4 4 2 2
434 421 3 4 4 3 1
436 95 3 4 4 2 2
436 117 3 4 4 2 2
436 299 3 4 4 3 1
436 329 3 4 4 3 1
436 381 4 4 4 2 2
437 14 4 4 4 2 2
437 34 3 4 4 2 2
437 44 3 4 4 2 2
437 74 3 4 4 2 2
437 82 3 4 4 2 2
437 116 4 4 4 2 2
437 142 3 4 4 2 2
437 208 3 4 4 3 1
437 272 3 4 4 1 3
437 284 3 4 4 2 2
437 294 3 4 5 2 2
437 326 4 4 4 2 2
437 338 3 4 4 2 2
437 352 3 4 4 2 2
438 35 3 4 5 2 2
438 97 3 4 4 2 2
438 137 3 4 4 2 2
438 227 3 4 4 3 1
438 293 3 4 4 2 2
438 367 3 4 4 3 1
439 340 3 4 4 2 2
440 263 4 4 4 2 2
441 34 3 4 4 2 2
441 86 3 4 4 2 2
441 188 3 4 4 2 2
442 71 3 4 4 2 2
442 109 3 4 4 2 2
442 229 3 4 4 2 2
442 271 3 4 4 2 2
442 349 3 4 4 2 2
442 409 4 4 4 2 2
442 419 3 4 4 3 1
443 190 3 4 4 2 2
443 310 3 4 4 2 2
444 7 3 4 4 2 2
444 29 3 4 4 2 2
444 145 3 4 5 2 2
444 179 3 4 4 2 2
444 223 3 4 4 2 2
444 227 3 4 4 2 2
444 301 3 4 5 2 2
444 349 3 4 4 2 2
445 28 3 4 4 2 2
445 46 3 4 4 1 3
445 158 3 4 4 2 2
445 192 3 4 4 2 2
445 206 3 4 4 3 1
445 218 3 4 4 3 1
445 236 3 4 4 2 2
445 262 3 4 4 2 2
446 35 3 4 4 2 2
446 143 3 4 4 2 2
446 187 3 4 4 2 2
446 209 3 4 4 2 2
446 215 3 4 4 1 3
446 247 3 4 4 3 1
446 303 3 4 4 2 2
446 319 3 4 4 3 1
447 92 3 4 4 2 2
447 118 3 4 4 2 2
447 352 3 4 4 2 2
448 355 3 4 4 2 2
449 78 3 4 4 2 2
449 264 3 4 4 2 2
449 266 3 5 4 3 2
449 310 3 4 4 3 1
450 131 3 4 4 2 2
451 38 3 4 4 2 2
451 122 3 4 4 2 2
451 134 3 4 4 3 1
451 152 3 4 4 2 2
451 172 3 4 4 2 2
451 214 3 5 4 3 2
451 254 3 4 4 3 1
451 280 3 4 5 2 2
451 332 3 4 4 2 2
451 382 3 4 4 2 2
451 386 3 4 4 2 2
452 45 3 4 4 2 2
452 221 3 4 4 1 3
452 319 3 4 4 2 2
452 329 3 4 4 2 2
452 341 3 4 4 2 2
453 244 3 4 4 2 2
453 262 3 4 4 3 1
453 398 3 4 4 2 2
454 99 3 4 4 2 2
454 217 3 4 4 2 2
454 267 3 4 4 2 2
454 309 3 4 4 2 2
454 323 3 4 4 3 1
454 371 3 4 4 3 1
454 377 3 4 4 2 2
456 127 3 4 4 2 2
456 281 3 4 4 2 2
457 70 3 4 4 2 2
457 154 3 4 4 2 2
457 280 3 4 4 2 2
457 322 3 4 4 2 2
457 348 3 4 4 3 1
457 380 3 4 4 2 2
457 440 3 4 4 3 1
458 93 3 4 4 2 2
458 171 3 4 4 2 2
458 209 3 4 4 2 2
458 249 4 4 4 2 2
458 301 3 4 4 3 1
458 305 3 4 4 2 2
458 319 3 4 4 3 1
458 323 3 4 4 2 2
458 341 3 4 4 2 2
459 22 3 4 4 2 2
459 56 3 4 4 2 2
460 89 3 4 4 2 2
460 163 3 4 4 2 2
460 233 3 4 4 3 1
460 247 3 4 5 2 2
460 251 3 4 4 2 2
460 443 3 4 4 3 1
461 204 3 4 4 3 1
461 230 3 4 4 1 3
461 252 3 4 4 2 2
461 280 3 4 4 3 1
461 318 3 4 4 2 2
461 342 4 4 4 2 2
461 374 3 4 4 2 2
461 442 3 4 4 3 1
462 71 3 4 5 2 2
463 322 3 4 4 2 2
463 406 3 4 4 2 2
463 434 3 4 4 3 1
464 65 3 4 4 1 3
464 201 3 4 4 3 1
464 217 3 4 4 2 2
464 247 3 4 4 2 2
464 303 3 4 4 2 2
464 371 3 4 4 2 2
464 407 3 4 4 2 2
465 52 3 4 5 2 2
465 146 3 4 5 2 2
465 206 3 4 5 2 2
466 185 3 4 4 3 1
466 275 3 4 4 3 1
466 323 3 4 4 2 2
466 427 3 4 4 2 2
467 138 4 4 4 2 2
467 308 3 4 4 2 2
467 312 3 4 4 2 2
467 380 3 4 4 2 2
467 434 3 4 4 2 2
468 83 3 5 4 2 3
468 181 3 4 4 2 2
468 281 3 4 4 2 2
468 337 3 4 4 3 1
469 34 3 4 4 1 3
469 62 3 4 4 2 2
469 74 3 4 4 2 2
469 142 3 4 4 2 2
469 158 3 4 4 3 1
469 164 3 4 4 2 2
469 176 3 4 4 3 1
469 244 3 4 4 2 2
469 248 3 4 4 2 2
469 262 3 4 4 2 2
469 298 3 4 4 2 2
469 326 3 5 4 3 2
469 346 4 4 4 2 2
469 382 3 4 4 2 2
469 404 3 4 4 2 2
469 424 3 4 4 2 2
470 157 3 4 4 3 1
470 211 3 4 4 2 2
470 267 3 4 5 2 2
471 80 3 4 4 2 2
471 184 3 4 4 2 2
471 218 3 4 4 2 2
471 236 3 4 4 2 2
471 310 3 4 5 2 2
471 380 3 4 5 2 2
471 394 3 4 4 2 2
472 115 3 4 4 1 3
472 221 3 4 4 3 1
472 305 3 4 4 3 1
472 319 3 4 4 2 2
472 407 3 4 4 2 2
473 46 3 4 4 2 2
473 92 3 4 4 2 2
473 116 4 5 4 2 3
473 118 3 4 4 2 2
473 142 3 4 4 3 1
473 182 3 4 5 2 2
473 194 3 4 4 2 2
473 224 3 4 4 2 2
473 226 4 4 4 2 2
473 248 3 4 4 2 2
473 298 3 4 4 2 2
473 304 3 4 4 3 1
473 318 3 4 5 2 2
473 326 3 4 4 2 2
473 346 3 4 4 3 1
473 362 3 4 4 2 2
473 428 3 4 4 2 2
473 458 3 4 4 2 2
474 23 3 4 4 2 2
474 37 3 4 4 2 2
474 121 3 4 4 3 1
474 257 3 4 4 2 2
474 397 3 4 4 2 2
474 439 3 4 4 2 2
474 461 3 4 4 3 1
475 98 3 4 4 2 2
475 134 3 5 4 3 2
475 332 3 4 4 2 2
476 83 3 4 4 2 2
476 157 3 4 4 2 2
476 173 3 4 4 2 2
476 223 3 4 4 2 2
476 349 3 4 4 3 1
476 389 3 4 4 2 2
476 437 3 4 5 2 2
477 188 3 4 4 3 1
477 272 3 4 4 2 2
477 316 3 4 4 2 2
477 422 3 4 4 2 2
478 93 4 4 4 1 3
478 145 3 4 4 2 2
478 219 3 4 4 2 2
478 275 3 4 4 2 2
478 301 3 4 4 2 2
478 325 3 4 4 2 2
478 341 3 4 4 3 1
478 391 3 4 4 2 2
479 258 3 4 4 2 2
481 14 3 4 4 3 1
481 58 3 4 4 2 2
481 68 3 4 4 2 2
481 82 3 4 4 1 3
481 212 3 4 4 3 1
481 272 3 4 4 2 2
481 304 3 4 4 2 2
481 320 3 4 4 2 2
481 322 3 4 5 2 2
481 352 3 4 4 2 2
481 388 3 4 4 2 2
481 418 3 4 5 2 2
481 422 3 4 4 3 1
481 434 3 4 5 3 1
482 187 3 4 4 2 2
482 203 3 4 4 2 2
482 221 3 4 4 2 2
482 259 3 4 4 3 1
482 265 3 4 4 2 2
482 299 3 4 4 2 2
482 415 3 4 4 3 1
483 76 3 4 5 2 2
483 296 3 4 5 2 2
483 452 3 4 5 3 1
484 119 3 4 4 2 2
484 145 3 4 4 2 2
484 219 3 4 4 2 2
484 323 3 4 4 2 2
485 98 3 4 4 2 2
485 104 3 4 4 2 2
485 124 3 4 4 3 1
485 236 3 4 4 2 2
485 292 3 4 4 3 1
485 394 3 4 4 2 2
487 228 3 5 4 3 2
487 238 3 4 4 2 2
487 266 3 4 4 2 2
487 364 3 4 4 2 2
487 374 3 4 4 3 1
488 51 3 4 4 2 2
488 65 3 4 4 2 2
488 133 3 4 4 2 2
488 143 3 4 4 1 3
488 147 3 4 4 2 2
488 201 4 4 4 2 2
488 217 3 4 4 3 1
488 301 3 4 4 2 2
488 303 3 4 4 2 2
488 329 3 4 4 2 2
488 355 3 4 4 2 2
488 411 3 4 4 2 2
489 38 3 4 4 2 2
489 106 3 4 4 3 1
489 148 3 4 4 2 2
489 242 3 4 4 2 2
489 302 3 4 4 2 2
489 424 3 4 4 2 2
489 454 3 4 4 2 2
490 17 3 4 4 2 2
490 71 3 4 4 3 1
491 246 3 4 4 2 2
491 440 3 4 4 2 2
492 89 3 4 4 2 2
492 157 3 4 4 2 2
492 239 3 4 4 2 2
492 257 3 4 4 2 2
492 271 3 4 4 2 2
492 289 3 4 4 2 2
492 401 3 4 4 2 2
493 18 3 4 4 2 2
493 56 3 4 4 2 2
493 86 3 4 4 2 2
493 148 3 4 4 1 3
493 164 3 4 4 2 2
493 194 3 4 4 2 2
493 196 3 4 4 2 2
493 214 3 4 4 2 2
493 244 3 4 4 2 2
493 278 3 4 4 2 2
493 284 3 5 4 3 2
493 326 3 4 4 3 1
493 368 3 4 4 3 1
493 404 3 4 4 3 1
493 424 3 4 4 2 2
494 17 3 4 4 2 2
494 21 3 4 5 2 2
494 23 3 4 4 2 2
494 41 3 4 4 2 2
494 115 3 4 5 3 1
494 157 4 4 4 3 1
494 173 3 4 4 2 2
494 191 3 4 4 2 2
494 193 3 4 4 2 2
494 203 3 4 5 2 2
494 263 3 4 4 1 3
494 287 3 4 5 2 2
494 307 3 4 4 2 2
494 331 3 4 4 3 1
494 353 3 4 4 2 2
494 395 3 4 5 2 2
494 463 3 4 4 3 1
496 133 3 4 4 2 2
496 309 3 5 4 3 2
496 323 3 4 4 3 1
496 335 3 4 4 2 2
496 377 3 4 4 2 2
496 405 3 4 4 2 2
496 407 3 4 4 3 1
497 52 3 4 4 2 2
497 86 4 4 4 2 2
497 106 4 4 4 2 2
497 166 3 4 4 3 1
497 206 4 4 4 2 2
497 242 3 4 4 1 3
497 244 3 5 4 3 2
497 282 3 4 5 2 2
497 288 3 4 4 2 2
497 354 3 4 5 2 2
497 358 3 4 4 3 1
497 388 3 4 4 3 1
497 404 3 4 4 2 2
497 458 3 4 4 2 2
497 460 3 4 5 3 1
498 29 3 4 4 2 2
498 85 3 4 5 2 2
498 199 3 4 4 2 2
498 233 3 4 4 2 2
498 293 3 4 4 2 2
499 114 3 4 4 1 3
499 130 3 4 4 2 2
499 246 3 4 4 2 2
499 282 3 4 4 2 2
499 306 3 4 4 3 1
499 470 3 4 4 3 1
501 74 3 4 4 2 2
501 178 3 4 4 2 2
501 202 3 4 4 2 2
501 206 3 4 4 2 2
501 292 3 4 4 2 2
501 316 3 4 4 2 2
501 368 4 4 4 2 2
501 416 3 4 4 2 2
502 51 3 4 4 2 2
502 253 3 4 4 2 2
502 287 3 4 4 2 2
502 341 3 4 4 2 2
502 369 3 4 4 2 2
502 391 3 4 4 2 2
502 411 3 4 4 2 2
502 485 3 4 4 3 1
503 228 3 4 4 2 2
503 286 3 4 4 2 2
503 370 3 4 4 2 2
503 410 3 4 4 2 2
503 470 3 4 4 2 2
504 11 3 4 4 2 2
504 163 3 4 4 2 2
505 146 3 4 4 3 1
505 218 3 4 4 2 2
505 428 3 4 4 2 2
505 452 3 4 4 3 1
505 484 3 4 4 2 2
506 21 3 4 5 2 2
506 31 3 4 4 2 2
506 47 4 4 4 2 2
506 83 3 4 4 2 2
506 103 3 5 4 3 2
506 107 3 4 4 1 3
506 109 3 4 4 3 1
506 151 3 4 4 2 2
506 157 3 4 4 3 1
506 183 3 4 5 2 2
506 197 3 4 4 2 2
506 205 3 4 5 2 2
506 229 3 4 4 3 1
506 239 3 4 4 2 2
506 257 3 4 4 2 2
506 287 3 4 5 2 2
506 293 3 4 4 2 2
506 313 3 4 4 3 1
506 331 3 4 4 2 2
506 359 3 4 4 2 2
506 373 3 4 4 2 2
506 383 3 4 4 2 2
506 387 3 4 5 2 2
506 395 3 4 5 2 2
506 409 3 4 4 3 1
506 411 3 4 5 2 2
506 443 3 4 4 2 2
506 463 3 4 4 3 1
506 499 3 4 4 3 1
507 158 3 4 4 3 1
507 206 3 4 4 2 2
507 362 3 4 4 2 2
508 77 3 4 4 3 1
508 209 3 4 4 2 2
508 213 3 4 4 2 2
508 255 3 4 5 2 2
508 273 3 4 5 2 2
508 291 3 4 4 2 2
508 395 3 4 4 3 1
508 451 4 4 4 2 2
509 140 3 4 4 2 2
509 308 3 4 4 2 2
509 322 3 4 4 2 2
509 380 3 4 4 2 2
509 418 3 4 4 2 2
509 440 3 4 4 2 2
509 492 3 4 4 3 1
509 506 3 4 4 3 1
510 307 3 4 5 2 2
511 38 3 4 4 2 2
511 116 3 5 4 3 2
511 178 3 4 4 2 2
511 188 3 4 4 2 2
511 192 3 4 4 2 2
511 202 3 4 4 2 2
511 212 3 4 4 2 2
511 248 3 4 4 3 1
511 254 3 4 4 3 1
511 302 3 4 4 2 2
511 306 3 4 5 2 2
511 344 3 4 4 3 1
511 358 4 4 4 2 2
511 388 3 4 4 2 2
511 404 3 4 4 3 1
511 412 4 4 4 2 2
511 458 3 4 4 3 1
511 464 3 4 4 3 1
511 478 3 4 4 2 2
513 212 3 4 4 2 2
513 436 3 4 4 2 2
513 488 3 4 4 3 1
514 69 3 4 4 2 2
514 209 3 4 4 2 2
514 217 3 4 4 2 2
514 235 3 4 4 2 2
514 253 3 4 4 2 2
514 267 3 4 4 2 2
514 299 3 4 4 2 2
514 403 3 4 4 2 2
514 473 3 4 4 3 1
515 38 3 4 4 2 2
515 116 3 4 4 1 3
515 248 3 4 4 2 2
515 298 3 4 4 2 2
515 374 3 4 5 2 2
515 388 3 4 4 3 1
515 428 3 4 4 2 2
516 11 3 4 4 2 2
516 23 3 4 4 2 2
516 197 4 4 4 2 2
516 383 3 4 4 2 2
516 397 3 4 4 2 2
517 28 3 4 4 2 2
517 34 3 5 4 2 3
517 62 3 5 4 2 3
517 80 3 4 4 2 2
517 106 3 4 4 2 2
517 134 3 4 4 3 1
517 146 3 5 4 3 2
517 230 3 4 5 2 2
517 232 3 5 4 2 3
517 244 3 4 4 1 3
517 258 3 4 5 2 2
517 288 3 4 4 3 1
517 314 3 4 4 2 2
517 316 3 4 4 2 2
517 334 3 4 4 2 2
517 380 3 4 5 3 1
517 384 3 4 4 2 2
518 53 3 4 4 1 3
518 97 3 4 4 3 1
518 179 3 4 4 2 2
518 193 3 4 4 2 2
518 199 3 4 4 2 2
518 219 3 4 5 2 2
518 223 3 5 4 3 2
518 241 3 4 4 3 1
518 253 3 4 5 2 2
518 257 3 4 4 2 2
518 271 3 4 4 2 2
518 299 3 4 5 2 2
518 367 3 4 4 3 1
518 425 3 4 5 2 2
518 431 3 4 4 2 2
518 439 4 4 4 3 1
518 461 3 4 4 2 2
518 463 3 4 4 2 2
519 148 3 4 4 2 2
519 332 3 4 4 2 2
519 376 3 4 4 2 2
519 482 3 4 4 3 1
520 47 3 4 4 2 2
520 197 3 4 4 2 2
520 283 3 4 4 2 2
520 469 3 4 5 2 2
520 487 3 4 4 2 2
521 70 3 4 4 2 2
521 186 3 4 4 2 2
521 220 3 5 4 3 2
521 402 3 4 4 2 2
521 434 3 4 4 2 2
522 37 3 4 4 2 2
522 181 3 4 4 2 2
522 263 3 4 4 2 2
522 269 3 4 4 2 2
522 283 3 4 4 3 1
522 413 3 4 5 3 1
522 479 3 4 4 3 1
523 374 3 4 4 3 1
523 418 3 4 4 1 3
523 492 3 4 4 3 1
524 85 3 4 4 3 1
524 87 3 4 4 2 2
524 111 3 4 4 2 2
524 147 3 4 4 2 2
524 209 3 4 4 1 3
524 253 3 4 4 3 1
524 295 3 4 4 3 1
524 369 3 4 4 2 2
524 371 3 4 4 2 2
524 411 3 4 4 3 1
524 445 3 4 4 3 1
524 477 3 4 4 3 1
526 33 3 4 4 2 2
526 123 3 4 4 2 2
526 145 3 4 4 2 2
526 187 3 4 4 2 2
526 253 3 5 4 2 3
526 259 3 4 4 2 2
526 295 3 4 4 1 3
526 309 3 4 4 2 2
526 319 3 4 4 2 2
526 323 3 4 4 2 2
526 329 3 4 4 3 1
526 407 3 4 4 2 2
526 497 4 4 4 3 1
526 511 3 4 4 2 2
527 46 3 4 4 2 2
527 54 3 4 4 2 2
527 56 4 4 4 2 2
527 118 3 4 4 3 1
527 152 3 4 4 2 2
527 176 3 4 4 2 2
527 242 3 4 4 1 3
527 274 3 4 4 2 2
527 296 3 4 4 1 3
527 334 4 4 4 3 1
527 342 3 4 5 2 2
527 344 3 4 4 2 2
527 366 3 4 5 2 2
527 368 3 4 4 2 2
527 376 3 4 4 3 1
527 386 3 4 4 2 2
527 394 3 4 4 2 2
527 404 3 4 4 2 2
527 416 3 4 4 2 2
527 474 3 4 5 3 1
528 73 3 4 4 1 3
528 101 3 4 4 2 2
528 157 3 4 4 2 2
529 238 3 4 4 2 2
529 264 3 4 4 2 2
529 266 3 4 4 3 1
529 342 3 4 4 2 2
529 364 3 5 4 2 3
529 374 3 5 4 3 2
530 107 3 4 4 2 2
530 131 3 4 4 1 3
530 271 3 4 4 2 2
530 277 3 4 4 2 2
530 331 3 4 4 3 1
530 401 3 4 4 2 2
530 457 3 4 4 3 1
531 50 3 4 4 2 2
531 58 3 4 4 2 2
531 76 3 4 4 1 3
531 146 3 4 4 1 3
531 166 3 4 4 2 2
531 244 3 4 4 2 2
531 272 3 4 4 2 2
531 412 3 4 4 2 2
531 514 3 4 4 3 1
532 47 3 4 4 2 2
532 73 3 4 4 2 2
532 83 3 4 4 3 1
532 139 3 4 4 2 2
532 173 3 4 4 3 1
532 181 3 4 4 2 2
532 187 3 4 5 1 3
532 199 3 4 4 2 2
532 235 3 4 5 2 2
532 311 3 4 4 2 2
532 319 3 4 5 2 2
532 337 3 5 4 2 3
532 377 3 4 5 2 2
532 417 3 4 5 2 2
532 473 3 4 5 3 1
532 491 3 4 4 3 1
533 58 3 4 4 2 2
533 132 3 4 5 3 1
533 134 3 5 4 2 3
533 146 3 4 4 2 2
533 176 3 4 4 1 3
533 214 3 4 4 2 2
533 248 3 5 4 2 3
533 274 3 4 4 2 2
533 280 3 4 5 2 2
533 302 3 5 4 2 3
533 316 3 4 4 2 2
533 418 3 4 5 2 2
533 424 3 4 4 3 1
533 428 3 4 4 1 3
533 448 3 4 4 2 2
534 79 3 4 4 1 3
534 163 3 4 4 2 2
534 215 3 4 5 2 2
534 233 3 4 4 2 2
534 281 3 4 4 2 2
534 317 4 4 4 2 2
534 401 3 5 4 3 2
535 18 3 4 4 2 2
535 62 3 4 4 2 2
535 172 3 4 4 2 2
535 224 3 4 4 3 1
535 374 3 4 5 2 2
535 452 3 4 4 3 1
536 55 3 4 4 2 2
536 133 3 4 4 2 2
536 143 3 4 4 2 2
536 145 3 4 4 2 2
536 209 3 4 4 2 2
536 249 3 4 4 2 2
536 301 3 4 4 2 2
536 325 3 4 4 3 1
536 333 3 4 4 2 2
536 377 3 4 4 2 2
536 403 3 4 4 2 2
536 407 3 4 4 2 2
536 437 3 4 4 2 2
537 86 3 4 4 2 2
537 278 3 4 4 2 2
537 334 3 4 4 2 2
537 376 3 4 4 2 2
537 422 3 4 4 2 2
537 478 3 4 4 3 1
538 209 3 4 4 2 2
538 221 3 4 4 3 1
538 279 4 4 4 2 2
538 287 3 4 4 3 1
538 365 3 4 4 3 1
538 451 3 4 4 2 2
538 469 4 4 4 2 2
539 12 3 4 4 2 2
539 20 3 4 4 2 2
539 58 3 4 4 2 2
539 202 3 4 4 3 1
539 260 3 4 5 2 2
539 274 3 4 4 2 2
539 292 3 4 4 2 2
539 334 3 4 4 2 2
539 354 3 4 5 2 2
539 376 3 4 4 3 1
539 394 3 4 4 2 2
539 464 3 4 4 2 2
539 496 3 4 4 3 1
540 71 3 4 4 2 2
540 239 3 4 4 2 2
541 138 3 4 4 2 2
541 170 3 4 4 2 2
541 222 3 4 4 2 2
541 238 3 4 4 2 2
541 286 3 4 4 1 3
541 294 3 4 4 2 2
541 306 3 4 4 2 2
541 408 3 4 4 2 2
542 91 3 4 4 2 2
542 95 3 4 4 2 2
542 161 3 4 4 2 2
542 247 3 4 4 2 2
542 253 3 4 4 3 1
542 319 3 4 4 3 1
542 327 3 4 4 2 2
542 329 4 4 4 2 2
542 371 3 4 4 2 2
542 381 3 4 4 2 2
542 451 3 4 4 2 2
542 459 3 4 4 3 1
542 485 3 4 4 2 2
543 38 3 4 4 2 2
543 106 4 4 4 2 2
543 136 3 4 4 2 2
543 158 3 4 4 1 3
543 178 3 4 4 2 2
543 224 3 4 4 2 2
543 502 3 4 4 3 1
544 327 3 4 4 2 2
544 341 3 5 4 3 2
544 413 3 4 4 3 1
545 14 3 4 4 2 2
545 38 3 4 4 2 2
545 44 3 4 4 2 2
545 188 3 4 4 1 3
545 344 3 4 4 2 2
545 356 3 4 4 2 2
545 398 3 4 4 2 2
547 286 3 4 4 2 2
547 476 3 4 4 3 1
547 532 3 4 4 2 2
548 75 3 4 4 2 2
548 119 3 5 4 2 3
548 123 3 4 4 2 2
548 133 3 4 4 2 2
548 217 3 4 4 3 1
548 275 3 4 4 1 3
548 299 3 4 4 2 2
548 301 3 4 4 2 2
548 341 4 4 4 2 2
548 355 3 4 4 3 1
548 387 3 5 4 3 2
549 154 3 4 5 2 2
549 158 3 4 4 2 2
549 172 3 4 4 2 2
549 302 3 4 4 2 2
549 430 3 4 5 2 2
549 466 3 4 4 3 1
549 496 3 4 4 3 1
550 17 3 4 4 2 2
550 163 3 4 4 2 2
550 227 3 5 4 3 2
550 229 3 4 4 2 2
551 40 3 4 4 2 2
551 78 3 4 5 2 2
551 98 3 4 4 2 2
551 100 3 5 4 3 2
551 112 3 4 4 3 1
551 138 3 4 5 2 2
551 142 4 4 4 3 1
551 144 3 4 4 2 2
551 208 3 4 4 3 1
551 242 3 4 4 2 2
551 244 3 4 4 3 1
551 248 4 4 4 2 2
551 278 3 4 4 1 3
551 298 3 4 4 2 2
551 338 3 4 4 2 2
551 346 3 5 4 3 2
551 350 3 4 5 2 2
551 352 3 4 4 3 1
551 404 3 4 4 2 2
551 408 3 4 5 2 2
551 428 3 4 4 2 2
551 436 3 5 4 3 2
552 167 3 4 4 1 3
552 211 3 4 4 2 2
552 251 3 4 4 2 2
552 347 3 4 4 2 2
552 349 3 4 4 2 2
552 407 3 4 5 2 2
552 449 3 4 4 3 1
553 36 3 4 4 2 2
553 74 3 4 4 3 1
553 76 3 4 4 2 2
553 82 3 4 4 2 2
553 136 3 4 4 2 2
553 160 3 4 4 2 2
553 172 3 4 4 2 2
553 206 3 4 4 3 1
553 226 3 4 4 2 2
553 230 3 4 5 2 2
553 344 3 5 4 3 2
553 382 3 5 4 3 2
553 404 3 4 4 3 1
553 410 3 4 5 2 2
553 412 3 4 4 2 2
553 542 3 4 4 3 1
554 57 4 4 4 2 2
554 117 3 4 4 2 2
554 143 3 4 4 2 2
554 177 3 4 4 2 2
554 183 3 4 4 2 2
554 187 3 4 4 3 1
554 209 3 5 4 2 3
554 235 3 4 4 2 2
554 253 3 4 4 2 2
554 299 3 4 4 1 3
554 323 3 4 4 1 3
554 339 3 4 4 2 2
554 391 3 4 4 3 1
554 517 3 4 4 3 1
554 519 3 4 4 2 2
556 115 3 4 4 2 2
556 133 3 4 4 2 2
556 143 3 4 4 2 2
556 203 3 4 4 3 1
556 247 3 4 4 2 2
556 301 3 4 4 1 3
556 339 3 4 4 2 2
556 371 3 4 4 2 2
556 413 3 5 4 3 2
556 437 3 4 4 2 2
556 549 3 4 4 3 1
557 154 3 4 4 2 2
557 234 3 4 4 2 2
557 322 3 4 4 2 2
557 374 3 4 4 2 2
557 522 3 4 4 2 2
558 121 3 4 4 2 2
558 131 3 4 4 2 2
558 167 3 4 4 2 2
558 233 3 4 4 2 2
558 311 3 4 4 2 2
558 343 3 4 4 2 2
559 22 3 4 4 2 2
559 76 3 5 4 2 3
559 94 3 4 4 1 3
559 108 3 4 4 2 2
559 122 3 4 4 2 2
559 136 3 4 4 2 2
559 152 3 4 4 2 2
559 178 3 4 4 2 2
559 218 3 5 4 3 2
559 232 3 4 4 2 2
559 246 3 4 5 3 1
559 272 3 4 4 2 2
559 310 3 4 5 2 2
559 328 3 4 4 1 3
559 340 3 4 5 2 2
559 398 3 5 4 3 2
559 448 3 4 4 2 2
559 484 3 4 4 2 2
559 508 3 4 4 2 2
560 79 3 4 4 2 2
560 137 3 4 4 2 2
560 157 3 4 4 2 2
560 307 3 4 4 2 2
560 353 3 4 4 2 2
560 463 3 4 4 3 1
561 28 3 4 5 2 2
561 344 3 4 5 2 2
562 93 3 4 4 2 2
562 143 3 4 4 3 1
562 153 3 4 4 3 1
562 217 3 5 4 2 3
562 327 3 4 4 2 2
562 387 3 4 4 2 2
562 395 3 4 4 3 1
562 453 3 4 4 3 1
562 483 3 4 5 3 1
562 497 3 4 4 2 2
562 511 3 4 4 2 2
562 551 3 4 4 3 1
563 228 3 4 4 2 2
563 354 3 4 4 2 2
563 406 3 4 4 3 1
563 418 3 4 4 2 2
563 444 3 4 4 2 2
563 494 4 4 4 2 2
563 550 3 4 4 3 1
564 157 3 4 4 2 2
564 199 3 4 4 2 2
564 311 3 4 4 2 2
564 379 3 4 4 2 2
564 409 3 4 4 2 2
564 437 4 4 5 3 1
564 521 3 4 4 3 1
565 14 3 4 4 2 2
565 152 3 4 4 2 2
565 208 3 4 4 1 3
565 212 3 4 4 3 1
565 238 3 4 5 2 2
565 356 3 4 4 2 2
565 424 3 4 4 2 2
565 458 3 4 4 3 1
565 472 3 4 4 2 2
566 69 3 4 4 2 2
566 247 3 4 4 2 2
566 267 4 4 4 2 2
566 371 3 4 4 1 3
566 377 3 4 4 2 2
566 407 3 4 4 2 2
566 413 3 4 4 2 2
566 423 3 4 4 2 2
566 437 3 4 4 2 2
566 545 3 4 4 2 2
567 226 3 4 4 2 2
567 248 3 4 4 2 2
567 268 3 4 4 2 2
567 368 3 4 4 3 1
568 177 3 4 4 2 2
568 209 3 4 4 3 1
568 249 3 4 4 2 2
568 267 3 4 4 2 2
568 329 4 4 4 3 1
568 407 3 5 4 3 2
568 475 3 4 4 2 2
568 505 3 4 4 2 2
568 511 3 4 4 2 2
568 533 3 4 4 2 2
569 42 3 4 4 2 2
569 198 3 4 4 2 2
569 286 3 4 4 3 1
569 322 3 4 4 2 2
569 348 3 4 4 2 2
569 366 3 5 4 3 2
569 406 3 4 4 3 1
569 418 3 4 4 3 1
570 53 3 4 5 2 2
570 101 3 4 5 2 2
571 170 3 4 4 3 1
571 318 3 4 4 2 2
571 340 3 4 4 1 3
572 19 3 4 4 2 2
572 61 3 4 4 2 2
572 131 3 4 4 2 2
572 159 3 4 5 2 2
572 181 3 4 4 2 2
572 223 3 4 4 3 1
572 313 3 5 4 3 2
572 331 3 4 4 3 1
572 359 3 4 4 2 2
572 367 3 4 4 2 2
572 397 3 5 4 3 2
572 401 3 4 4 2 2
572 415 3 4 5 3 1
572 431 3 4 4 2 2
572 509 3 4 4 2 2
573 122 3 4 4 2 2
573 142 3 4 4 3 1
573 148 3 4 4 2 2
573 278 3 4 4 2 2
573 320 3 4 4 2 2
573 326 3 4 4 2 2
573 386 3 4 4 2 2
573 442 3 4 5 3 1
573 454 3 4 4 2 2
574 23 3 4 4 2 2
574 101 4 4 4 2 2
574 137 3 4 4 2 2
574 185 3 4 5 3 1
574 197 3 4 4 2 2
574 271 3 4 4 2 2
574 275 3 4 5 2 2
574 277 3 4 4 2 2
574 323 3 4 5 3 1
574 341 3 4 5 3 1
574 353 3 4 4 2 2
574 361 3 5 4 3 2
574 419 3 4 4 2 2
574 421 3 4 4 2 2
574 509 3 4 4 2 2
574 521 3 4 4 3 1
575 76 3 4 4 3 1
575 148 3 4 4 2 2
575 176 3 4 4 1 3
575 314 3 4 4 2 2
575 328 3 5 4 3 2
575 498 3 4 5 2 2
575 524 3 4 4 2 2
576 161 3 4 4 2 2
577 138 3 4 4 3 1
577 140 3 4 4 2 2
577 186 3 4 4 2 2
577 312 3 4 4 2 2
577 402 3 4 4 2 2
577 430 3 4 4 2 2
577 434 3 4 4 2 2
577 494 3 4 4 3 1
578 87 3 4 4 3 1
578 203 3 4 4 2 2
578 217 3 4 4 3 1
578 291 3 4 4 2 2
578 319 3 5 4 3 2
578 517 3 4 4 3 1
579 86 3 5 4 3 2
579 106 3 4 4 2 2
579 134 3 4 4 2 2
579 152 4 4 4 2 2
579 188 3 4 4 2 2
579 226 3 4 4 3 1
579 238 3 4 5 2 2
579 292 3 4 4 2 2
579 394 3 4 4 2 2
579 446 3 4 4 2 2
579 488 3 4 4 2 2
579 502 3 4 4 2 2
580 43 3 4 4 2 2
580 53 3 4 4 2 2
580 69 3 4 5 2 2
580 127 3 4 4 2 2
580 181 3 4 4 1 3
580 257 3 4 4 2 2
580 281 3 5 4 3 2
581 22 4 4 4 2 2
581 46 4 5 4 3 2
581 48 3 4 4 2 2
581 82 3 4 4 3 1
581 104 3 4 4 2 2
581 108 3 4 4 2 2
581 124 3 4 4 3 1
581 136 3 4 4 2 2
581 152 3 4 4 1 3
581 186 3 4 5 2 2
581 212 3 4 4 2 2
581 214 3 4 4 3 1
581 254 3 4 4 2 2
581 262 3 4 4 2 2
581 284 3 4 4 2 2
581 328 3 4 4 2 2
581 362 4 4 4 2 2
581 388 3 4 4 3 1
581 398 3 4 4 2 2
581 422 3 4 4 2 2
581 436 3 4 4 2 2
581 514 3 4 4 3 1
581 526 3 4 4 2 2
581 566 3 4 4 2 2
582 23 3 4 4 2 2
582 29 3 4 4 2 2
582 67 3 4 4 2 2
582 89 3 4 4 2 2
582 131 3 4 4 2 2
582 197 3 5 4 2 3
582 323 3 4 5 2 2
582 353 3 4 4 3 1
582 419 3 4 4 3 1
582 421 3 4 4 2 2
582 491 3 4 4 2 2
582 523 3 4 4 3 1
583 46 3 4 4 2 2
583 62 3 4 4 3 1
583 114 4 4 5 2 2
583 122 3 4 4 3 1
583 124 3 4 4 2 2
583 166 3 4 4 2 2
583 172 3 4 4 2 2
583 184 3 5 4 2 3
583 192 3 4 4 2 2
583 196 3 4 4 2 2
583 206 3 4 4 2 2
583 218 3 4 4 2 2
583 236 3 4 4 3 1
583 254 3 4 4 2 2
583 284 3 4 4 2 2
583 292 3 4 4 2 2
583 296 3 4 4 2 2
583 316 3 4 4 2 2
583 322 3 4 5 2 2
583 366 3 4 5 2 2
583 376 3 4 4 2 2
583 406 3 4 5 2 2
583 428 3 4 4 2 2
583 432 3 4 4 3 1
583 452 3 4 4 3 1
583 464 3 4 4 2 2
583 490 3 4 5 2 2
583 496 4 4 4 2 2
583 538 3 4 4 2 2
583 544 3 4 4 2 2
584 129 3 5 4 2 3
584 133 3 4 4 2 2
584 265 3 4 4 2 2
584 285 3 4 5 2 2
584 381 3 4 4 2 2
584 385 3 4 5 3 1
584 417 3 4 4 3 1
584 469 3 4 4 2 2
584 473 3 4 4 2 2
584 493 3 4 4 2 2
584 497 3 4 4 2 2
584 515 3 4 4 2 2
584 551 3 4 4 2 2
586 77 3 4 4 3 1
586 93 3 4 4 2 2
586 117 3 4 4 2 2
586 187 3 4 4 1 3
586 217 3 4 4 2 2
586 247 3 4 4 2 2
586 287 3 4 4 2 2
586 355 3 4 4 1 3
586 369 3 4 4 2 2
586 391 3 4 4 1 3
586 437 3 4 4 3 1
586 493 3 4 4 2 2
586 551 3 4 4 2 2
587 70 3 4 4 2 2
587 154 3 4 4 3 1
587 264 3 4 4 2 2
587 286 3 4 4 2 2
587 322 3 4 4 2 2
587 348 3 4 4 3 1
587 414 3 4 4 3 1
587 498 3 4 4 3 1
588 61 3 4 4 2 2
588 107 3 4 4 2 2
588 115 3 4 5 2 2
588 193 3 4 4 2 2
588 211 3 4 4 2 2
588 283 3 4 4 2 2
588 401 3 4 4 2 2
588 457 3 4 4 3 1
589 28 3 4 4 1 3
589 74 3 5 4 3 2
589 78 3 4 5 2 2
589 92 4 4 4 2 2
589 108 3 4 4 2 2
589 166 3 4 4 2 2
589 176 3 5 4 3 2
589 182 3 4 5 2 2
589 188 3 4 4 3 1
589 202 3 4 4 2 2
589 212 3 4 4 2 2
589 214 3 4 4 2 2
589 262 3 4 4 2 2
589 308 3 4 5 3 1
589 316 3 5 4 2 3
589 358 3 4 4 1 3
589 384 3 4 4 2 2
589 398 4 4 4 3 1
589 414 3 4 5 2 2
589 428 3 4 4 2 2
589 436 3 4 4 2 2
589 448 3 4 4 2 2
589 478 3 4 4 2 2
589 538 3 4 4 2 2
589 542 3 4 4 3 1
589 568 3 4 4 2 2
590 37 3 5 4 3 2
590 77 3 4 5 2 2
590 79 3 4 4 2 2
590 103 3 4 4 3 1
590 173 3 4 4 2 2
590 261 3 4 5 2 2
590 303 3 4 5 2 2
590 337 3 4 4 2 2
590 373 3 4 4 2 2
590 389 3 4 4 2 2
590 467 3 4 4 2 2
591 74 3 5 4 3 2
591 122 3 4 4 2 2
591 154 3 4 5 2 2
591 188 3 4 4 2 2
591 332 3 4 4 2 2
591 514 3 5 4 3 2
592 175 3 4 4 2 2
592 207 3 5 4 2 3
592 301 3 4 4 2 2
592 371 3 4 4 2 2
592 451 3 4 4 2 2
592 535 3 4 4 2 2
592 539 3 4 4 3 1
592 581 4 4 4 3 1
593 156 3 4 4 2 2
593 170 3 4 4 2 2
593 308 3 5 4 2 3
593 364 3 4 4 3 1
593 406 3 4 4 2 2
593 430 3 4 4 3 1
593 434 3 4 4 2 2
593 450 3 4 4 2 2
593 506 3 4 4 2 2
594 139 3 4 4 1 3
594 271 3 4 4 2 2
594 461 3 4 4 2 2
595 296 3 4 5 2 2
596 55 3 4 4 3 1
596 183 3 4 4 2 2
596 185 3 4 4 2 2
596 203 3 4 4 2 2
596 273 3 4 5 2 2
596 309 3 4 4 2 2
596 335 3 4 4 2 2
596 393 3 4 4 2 2
596 405 3 4 4 3 1
596 511 3 4 4 2 2
596 517 4 4 4 3 1
596 531 3 4 4 2 2
596 581 3 4 4 2 2
597 14 3 4 4 2 2
597 184 3 4 4 2 2
597 278 3 4 4 2 2
597 376 3 4 4 2 2
597 382 3 4 4 2 2
597 502 3 4 4 2 2
598 11 3 4 4 3 1
598 29 3 4 4 3 1
598 59 3 4 4 2 2
598 71 4 4 4 2 2
598 73 3 5 4 2 3
598 81 3 4 4 2 2
598 133 3 5 5 2 3
598 181 3 4 4 2 2
598 191 3 4 4 2 2
598 199 3 4 4 1 3
598 269 3 4 4 2 2
598 277 3 4 4 2 2
598 295 3 4 5 2 2
598 301 3 4 5 2 2
598 311 3 4 4 2 2
598 359 3 4 4 3 1
598 361 3 4 4 2 2
598 371 3 4 5 3 1
598 381 3 4 5 2 2
598 409 3 4 4 2 2
598 479 3 4 4 2 2
598 503 3 4 4 2 2
598 521 3 4 4 2 2
599 182 3 4 4 2 2
599 186 3 4 4 2 2
599 294 3 4 4 2 2
599 390 3 4 5 2 2
599 402 4 4 4 3 1
599 476 3 4 4 2 2
599 560 3 4 4 2 2
600 49 3 4 4 2 2
600 299 3 4 5 2 2
