# (m, n) | omega(m^2+n^2) | omega(m^2-n^2) | omega(mn) | omega(m+n) | omega(m-n)
301 16 3 4 3 1 3
301 44 3 4 4 3 1
301 158 3 4 4 2 2
301 232 3 4 4 2 2
302 1 4 4 2 2 2
302 29 3 4 3 1 3
302 49 3 4 3 2 2
302 67 3 4 3 2 2
302 89 3 4 3 2 2
302 101 3 4 3 2 2
302 115 3 4 4 2 2
302 149 3 4 3 2 2
302 169 3 4 3 2 2
302 193 3 4 3 3 1
302 197 3 4 3 1 3
302 209 3 4 4 2 2
302 211 3 4 3 2 2
302 223 3 4 3 3 1
303 292 3 4 4 3 1
304 11 3 4 3 3 1
304 25 3 4 3 2 2
304 53 3 4 3 3 1
304 73 3 5 3 2 3
304 103 3 4 3 2 2
304 213 3 4 4 2 2
304 235 3 4 4 2 2
304 257 3 4 3 3 1
305 4 3 4 3 2 2
305 178 3 4 4 3 1
305 284 3 4 4 2 2
306 97 3 4 4 2 2
306 163 3 4 4 2 2
307 12 3 4 3 2 2
307 16 3 4 2 2 2
307 38 3 4 3 3 1
307 86 3 4 3 2 2
307 98 3 4 3 2 2
307 106 3 4 3 2 2
307 118 3 4 3 2 2
307 146 3 4 3 2 2
307 166 3 4 3 2 2
307 174 3 4 4 2 2
307 230 3 4 4 2 2
307 242 3 4 3 2 2
307 254 3 4 3 3 1
307 274 3 4 3 2 2
308 247 3 4 5 3 1
308 277 3 4 4 3 1
309 62 3 4 4 2 2
309 218 3 4 4 2 2
310 101 3 4 4 2 2
310 127 3 4 4 2 2
311 8 3 4 2 2 2
311 38 3 4 3 1 3
311 52 3 4 3 2 2
311 58 3 4 3 2 2
311 88 3 4 3 3 1
311 92 3 4 3 2 2
311 96 3 4 3 2 2
311 164 3 4 3 2 2
311 178 3 4 3 2 2
311 194 3 4 3 2 2
311 216 3 4 3 2 2
311 242 3 4 3 2 2
311 278 3 4 3 2 2
311 298 3 4 3 3 1
312 11 3 4 4 2 2
312 59 3 4 4 2 2
313 14 3 4 3 2 2
313 26 3 4 3 2 2
313 28 3 5 3 2 3
313 44 4 4 3 3 1
313 64 3 4 2 2 2
313 86 3 4 3 3 1
313 94 3 4 3 2 2
313 194 3 4 3 2 2
313 226 3 4 3 2 2
313 236 3 4 3 2 2
313 268 3 4 3 2 2
313 278 3 4 3 2 2
314 27 3 4 3 2 2
314 49 3 4 3 2 2
314 67 3 4 3 2 2
314 77 3 4 4 2 2
314 83 3 4 3 1 3
314 85 3 4 4 3 1
314 93 3 4 4 2 2
314 127 3 4 3 2 2
314 151 3 4 3 3 1
314 167 3 4 3 2 2
314 211 3 4 3 3 1
314 219 3 4 4 2 2
314 223 3 4 3 2 2
314 237 3 4 4 2 2
314 247 3 4 4 3 1
316 7 4 4 3 2 2
316 83 3 4 3 3 1
316 97 3 4 3 2 2
316 107 3 4 3 2 2
316 113 3 5 3 3 2
316 149 3 4 3 3 1
316 157 3 4 3 2 2
316 167 3 4 3 3 1
316 173 3 4 3 2 2
316 181 3 4 3 2 2
316 293 3 4 3 3 1
317 44 3 4 3 1 3
317 58 3 4 3 2 2
317 64 3 4 2 2 2
317 96 3 4 3 2 2
317 112 3 5 3 3 2
317 164 3 4 3 2 2
317 184 3 4 3 2 2
317 194 3 4 3 2 2
317 222 3 4 4 2 2
317 244 3 4 3 3 1
317 248 3 4 3 2 2
317 266 3 4 4 2 2
318 17 3 4 4 2 2
318 109 3 4 4 2 2
318 133 3 4 5 2 2
318 199 3 4 4 2 2
318 241 3 4 4 2 2
319 32 3 4 3 2 2
319 52 3 4 4 2 2
319 72 3 4 4 2 2
319 74 3 4 4 2 2
319 84 3 4 5 2 2
319 118 3 4 4 2 2
319 158 3 4 4 2 2
319 178 3 4 4 2 2
319 186 3 4 5 2 2
319 256 3 4 3 2 2
319 262 3 4 4 2 2
320 79 3 4 3 3 1
320 107 3 4 3 2 2
320 131 3 4 3 2 2
320 133 3 4 4 2 2
320 233 3 4 3 2 2
321 2 3 4 3 2 2
321 20 3 4 4 2 2
322 1 3 4 3 2 2
322 13 3 4 4 2 2
322 67 3 4 4 1 3
322 151 3 4 4 2 2
322 167 3 4 4 2 2
322 179 3 4 4 2 2
322 193 3 4 4 2 2
322 239 3 4 4 3 1
323 4 3 4 3 2 2
323 62 3 5 4 3 2
323 88 3 4 4 2 2
323 106 3 5 4 3 2
323 146 3 4 4 2 2
323 236 3 4 4 2 2
324 5 3 4 3 2 2
324 89 3 4 3 2 2
324 191 3 4 3 2 2
324 259 3 4 4 2 2
326 3 3 4 3 2 2
326 31 3 5 3 3 2
326 73 4 5 3 3 2
326 103 3 4 3 3 1
326 109 3 5 3 3 2
326 131 3 4 3 1 3
326 143 3 4 4 2 2
326 227 3 4 3 2 2
326 229 3 4 3 3 1
326 233 3 4 3 2 2
326 257 3 4 3 2 2
326 301 3 4 4 3 1
327 124 3 4 4 2 2
327 166 3 4 4 2 2
327 184 3 4 4 2 2
328 37 3 4 3 2 2
328 67 3 4 3 2 2
328 71 3 4 3 3 1
328 79 3 4 3 2 2
328 119 3 4 4 2 2
328 141 4 4 4 2 2
328 167 3 5 3 3 2
328 169 3 4 3 2 2
328 211 3 4 3 2 2
328 251 3 4 3 2 2
328 253 3 4 4 2 2
329 62 3 4 4 2 2
329 124 3 4 4 2 2
329 142 3 4 4 2 2
329 152 3 4 4 2 2
329 214 3 4 4 2 2
329 254 3 4 4 2 2
331 2 3 4 2 2 2
331 32 3 4 2 2 2
331 68 3 4 3 3 1
331 72 3 4 3 2 2
331 82 3 4 3 2 2
331 86 3 4 3 2 2
331 100 3 4 3 1 3
331 104 3 4 3 3 1
331 134 3 4 3 3 1
331 152 3 4 3 3 1
331 188 3 4 3 2 2
331 202 4 4 3 2 2
331 212 3 4 3 2 2
331 284 3 4 3 3 1
331 298 3 4 3 2 2
332 9 3 4 3 2 2
332 31 3 4 3 2 2
332 53 3 5 3 3 2
332 151 3 4 3 3 1
332 161 3 4 4 2 2
332 163 3 4 3 3 1
332 179 3 4 3 2 2
332 185 3 4 4 2 2
332 199 3 4 3 2 2
332 221 3 4 4 2 2
332 241 3 4 3 2 2
332 253 3 4 4 3 1
332 277 3 5 3 3 2
333 248 3 4 4 2 2
334 7 4 4 3 2 2
334 23 3 4 3 3 1
334 43 3 4 3 2 2
334 47 3 4 3 2 2
334 73 3 4 3 2 2
334 95 3 4 4 3 1
334 103 3 5 3 2 3
334 117 3 4 4 2 2
334 151 3 4 3 2 2
334 163 3 4 3 2 2
334 215 3 4 4 2 2
334 227 3 4 3 3 1
334 293 3 4 3 3 1
334 331 3 4 3 3 1
335 76 3 4 4 2 2
335 158 3 4 4 2 2
335 192 3 4 4 2 2
335 224 3 4 4 2 2
336 101 3 4 4 2 2
337 14 3 4 3 2 2
337 34 3 4 3 2 2
337 64 3 4 2 1 3
337 106 3 4 3 1 3
337 122 3 4 3 2 2
337 136 3 4 3 2 2
337 146 3 4 3 3 1
337 148 3 4 3 2 2
337 158 3 4 3 3 1
337 172 3 4 3 1 3
337 190 3 4 4 2 2
337 196 3 4 3 2 2
337 244 3 4 3 2 2
337 246 3 4 4 2 2
337 252 3 4 4 2 2
337 274 3 4 3 2 2
337 278 3 4 3 3 1
337 286 3 4 4 2 2
338 33 3 4 4 2 2
338 89 3 4 3 2 2
338 121 3 4 3 2 2
338 131 3 4 3 2 2
338 145 3 4 4 3 1
338 179 3 4 3 2 2
338 289 3 4 3 3 1
339 38 3 4 4 2 2
339 178 3 4 4 2 2
340 67 3 5 4 2 3
340 179 3 4 4 2 2
340 211 3 4 4 2 2
340 241 3 4 4 2 2
340 263 3 4 4 2 2
341 26 3 4 4 1 3
341 54 3 4 4 2 2
341 76 3 4 4 2 2
341 82 3 4 4 2 2
341 106 3 4 4 2 2
341 128 3 4 3 2 2
341 142 3 4 4 3 1
341 152 3 4 4 2 2
341 208 3 4 4 2 2
341 268 3 4 4 3 1
341 322 4 4 5 3 1
342 43 3 5 4 3 2
342 139 3 4 4 2 2
343 64 3 4 2 2 2
343 86 3 4 3 3 1
343 92 3 4 3 3 1
343 94 3 4 3 2 2
343 134 3 4 3 2 2
343 184 3 4 3 2 2
343 284 3 4 3 3 1
343 286 3 4 4 2 2
344 13 3 4 3 3 1
344 69 3 4 4 2 2
344 97 3 4 3 2 2
344 107 3 4 3 2 2
344 113 3 4 3 1 3
344 121 3 4 3 3 1
344 137 3 4 3 2 2
344 173 3 4 3 2 2
344 217 3 4 4 3 1
344 251 3 5 3 3 2
344 267 3 4 4 2 2
344 271 3 4 3 3 1
344 293 3 4 3 2 2
344 307 4 4 3 3 1
346 41 3 4 3 2 2
346 53 3 4 3 3 1
346 61 3 5 3 2 3
346 73 3 4 3 1 3
346 127 3 4 3 2 2
346 129 3 4 4 2 2
346 143 3 4 4 2 2
346 181 3 5 3 2 3
346 203 3 4 4 2 2
346 213 3 4 4 2 2
346 227 3 4 3 2 2
346 263 3 4 3 3 1
346 277 3 4 3 2 2
346 283 3 4 3 2 2
347 46 3 4 3 2 2
347 74 3 4 3 1 3
347 98 3 4 3 2 2
347 116 3 4 3 1 3
347 126 3 4 4 2 2
347 128 3 4 2 2 2
347 130 3 4 4 2 2
347 136 3 4 3 3 1
347 164 3 4 3 2 2
347 186 3 4 4 2 2
347 212 3 4 3 2 2
347 214 3 5 3 3 2
347 228 3 4 4 2 2
347 232 3 4 3 2 2
347 280 3 4 4 3 1
347 332 3 4 3 2 2
348 89 3 4 4 2 2
348 107 3 4 4 3 1
348 257 3 4 4 2 2
348 317 3 4 4 3 1
349 16 3 4 2 2 2
349 22 3 4 3 2 2
349 36 3 4 3 3 1
349 62 3 4 3 2 2
349 88 3 4 3 2 2
349 102 3 4 4 2 2
349 104 3 4 3 2 2
349 118 3 4 3 1 3
349 128 3 4 2 2 2
349 140 3 4 4 2 2
349 146 3 5 3 3 2
349 148 3 4 3 2 2
349 162 3 4 3 2 2
349 188 3 4 3 2 2
349 202 3 4 3 2 2
349 236 3 4 3 3 1
349 244 3 4 3 1 3
349 262 3 4 3 2 2
349 274 3 4 3 2 2
349 278 3 4 3 3 1
349 296 3 4 3 3 1
349 302 4 4 3 3 1
350 239 3 4 4 2 2
350 317 3 4 4 2 2
351 142 3 4 4 2 2
351 232 3 4 4 2 2
352 19 3 4 3 2 2
352 29 3 4 3 2 2
352 47 3 5 3 3 2
352 93 3 4 4 2 2
352 131 3 5 3 3 2
352 199 3 4 3 2 2
352 229 3 4 3 2 2
352 299 3 4 4 3 1
352 317 3 4 3 2 2
352 337 3 4 3 2 2
353 46 3 4 3 3 1
353 62 3 4 3 2 2
353 76 3 4 3 3 1
353 94 3 4 3 2 2
353 102 3 4 4 3 1
353 106 3 4 3 2 2
353 116 3 4 3 2 2
353 118 3 4 3 2 2
353 144 3 4 3 2 2
353 164 3 4 3 2 2
353 166 3 4 3 2 2
353 172 3 4 3 3 1
353 256 3 4 2 3 1
353 276 3 4 4 2 2
353 284 3 4 3 2 2
353 296 3 4 3 2 2
354 199 3 4 4 2 2
354 311 3 4 4 3 1
355 26 3 4 4 2 2
355 32 3 4 3 2 2
355 58 3 4 4 2 2
355 124 3 4 4 1 3
355 206 3 4 4 3 1
355 212 3 4 4 2 2
356 47 4 4 3 2 2
356 73 3 4 3 3 1
356 79 3 4 3 3 1
356 97 3 4 3 2 2
356 103 3 4 3 2 2
356 195 3 4 5 2 2
356 197 3 4 3 2 2
356 223 3 4 3 2 2
356 227 3 4 3 2 2
356 233 3 4 3 2 2
356 259 3 4 4 3 1
356 281 3 4 3 2 2
356 293 4 4 3 2 2
356 307 3 4 3 3 1
356 323 3 4 4 2 2
356 337 3 4 3 3 1
358 17 3 4 3 2 2
358 19 3 4 3 2 2
358 35 3 4 4 2 2
358 43 3 4 3 1 3
358 59 3 4 3 2 2
358 113 3 4 3 2 2
358 139 3 4 3 2 2
358 149 4 4 3 2 2
358 157 3 4 3 2 2
358 181 3 4 3 2 2
358 217 3 4 4 2 2
358 225 3 4 4 2 2
358 251 4 4 3 3 1
358 257 3 4 3 3 1
358 269 3 4 3 3 1
358 271 3 4 3 2 2
358 335 3 4 4 3 1
359 2 3 4 2 1 3
359 64 3 4 2 2 2
359 74 3 4 3 1 3
359 92 3 4 3 2 2
359 128 3 4 2 1 3
359 138 3 4 4 2 2
359 142 3 4 3 2 2
359 152 3 4 3 2 2
359 156 3 4 4 2 2
359 158 3 4 3 2 2
359 172 3 4 3 2 2
359 196 3 4 3 3 1
359 254 3 4 3 1 3
359 268 3 5 3 3 2
359 274 3 4 3 2 2
359 308 3 4 4 2 2
360 199 3 4 4 2 2
361 32 3 4 2 2 2
361 52 3 4 3 2 2
361 68 3 4 3 3 1
361 88 3 4 3 1 3
361 108 3 4 3 2 2
361 122 3 4 3 3 1
361 154 3 4 4 2 2
361 158 3 4 3 2 2
361 184 3 4 3 2 2
361 206 3 4 3 2 2
361 242 3 4 3 2 2
361 250 3 4 3 2 2
361 254 3 4 3 3 1
361 256 3 4 2 1 3
361 262 3 4 3 2 2
362 23 3 5 3 3 2
362 29 3 4 3 2 2
362 63 3 4 4 2 2
362 65 3 4 4 2 2
362 107 3 5 3 2 3
362 133 3 4 4 3 1
362 227 3 4 3 2 2
362 283 3 4 3 3 1
362 289 3 4 3 3 1
362 301 3 4 4 3 1
362 341 3 4 4 2 2
363 28 3 4 4 2 2
363 64 3 4 3 2 2
363 92 3 4 4 3 1
364 23 3 4 4 2 2
364 43 3 4 4 2 2
364 73 3 4 4 2 2
364 163 3 4 4 2 2
364 263 3 4 4 3 1
364 307 3 4 4 2 2
365 86 3 4 4 2 2
365 104 3 4 4 2 2
365 118 3 5 4 3 2
366 47 3 4 4 2 2
366 107 3 4 4 2 2
366 161 3 4 5 2 2
366 223 3 4 4 2 2
367 4 3 4 2 2 2
367 18 3 4 3 3 1
367 28 3 4 3 2 2
367 62 3 5 3 3 2
367 92 3 4 3 2 2
367 106 3 4 3 2 2
367 130 3 4 4 2 2
367 146 3 4 3 2 2
367 164 3 4 3 2 2
367 166 3 4 3 2 2
367 184 3 4 3 2 2
367 194 3 4 3 3 1
367 206 3 4 3 2 2
367 228 3 4 4 3 1
367 244 3 4 3 2 2
367 278 3 4 3 3 1
367 284 3 4 3 3 1
367 296 3 4 3 3 1
367 304 3 4 3 2 2
367 346 4 4 3 2 2
368 39 3 4 4 2 2
368 45 3 4 4 2 2
368 49 3 4 3 2 2
368 59 3 4 3 2 2
368 61 3 4 3 3 1
368 95 3 4 4 1 3
368 109 3 4 3 2 2
368 137 3 5 3 2 3
368 143 3 4 4 2 2
368 149 3 4 3 2 2
368 163 3 4 3 2 2
368 173 3 4 3 1 3
368 197 3 4 3 2 2
368 215 3 4 4 2 2
368 221 3 4 4 2 2
368 227 3 5 3 3 2
368 241 3 4 3 3 1
368 259 3 4 4 3 1
368 269 3 4 3 2 2
368 281 3 4 3 2 2
368 311 3 4 3 2 2
368 347 3 5 3 3 2
369 68 3 4 4 2 2
369 116 3 4 4 2 2
369 148 3 4 4 2 2
369 184 3 4 4 2 2
370 113 3 4 4 3 1
370 139 3 4 4 1 3
370 239 3 4 4 3 1
371 74 3 4 4 2 2
371 80 3 4 4 2 2
371 162 3 4 4 2 2
371 188 3 4 4 2 2
371 218 3 4 4 2 2
371 292 3 4 4 3 1
371 332 3 4 4 2 2
371 334 3 4 4 3 1
372 43 3 4 4 2 2
372 211 3 4 4 2 2
372 239 3 4 4 2 2
373 4 3 4 2 2 2
373 16 3 4 2 1 3
373 44 3 4 3 2 2
373 56 3 4 3 3 1
373 58 3 4 3 1 3
373 64 3 4 2 2 2
373 72 3 4 3 2 2
373 98 3 4 3 2 2
373 124 3 4 3 2 2
373 164 3 4 3 2 2
373 166 4 4 3 2 2
373 222 3 4 4 3 1
373 242 3 4 3 3 1
373 254 3 5 3 3 2
373 292 3 4 3 3 1
373 296 3 4 3 2 2
373 334 3 4 3 2 2
373 358 3 4 3 2 2
374 3 3 4 4 2 2
374 73 3 4 4 2 2
374 127 3 4 4 2 2
374 271 3 4 4 3 1
374 283 4 4 4 2 2
374 367 3 4 4 3 1
376 5 3 4 3 2 2
376 9 3 4 3 3 1
376 23 3 4 3 3 1
376 75 3 4 4 2 2
376 77 3 4 4 2 2
376 97 3 4 3 2 2
376 103 3 4 3 1 3
376 145 3 4 4 1 3
376 151 3 4 3 2 2
376 157 3 4 3 2 2
376 161 3 4 4 2 2
376 167 3 4 3 2 2
376 221 3 4 4 2 2
376 229 3 4 3 2 2
376 247 3 4 4 2 2
376 281 3 4 3 2 2
376 287 3 4 4 3 1
376 317 3 4 3 3 1
376 331 3 4 3 2 2
376 365 3 4 4 3 1
377 32 3 4 3 1 3
377 74 3 4 4 2 2
377 106 3 4 4 3 1
377 124 3 4 4 2 2
377 146 3 4 4 1 3
377 176 3 4 4 2 2
377 184 3 4 4 3 1
377 244 3 4 4 2 2
377 328 3 4 4 3 1
377 344 3 4 4 2 2
378 59 3 4 4 2 2
378 157 3 4 4 2 2
379 8 3 4 2 2 2
379 20 3 4 3 3 1
379 28 3 4 3 2 2
379 92 3 4 3 2 2
379 94 3 5 3 2 3
379 148 3 5 3 2 3
379 172 3 4 3 2 2
379 184 3 4 3 1 3
379 202 3 4 3 2 2
379 218 4 4 3 2 2
379 224 3 4 3 2 2
379 232 3 4 3 2 2
379 248 3 4 3 3 1
379 250 3 4 3 2 2
379 286 3 5 4 3 2
379 292 3 4 3 2 2
379 302 3 4 3 2 2
379 326 3 4 3 3 1
379 328 3 4 3 2 2
379 362 3 4 3 3 1
380 93 3 4 5 2 2
380 163 3 4 4 2 2
380 181 3 4 4 3 1
380 193 3 4 4 2 2
380 313 3 4 4 3 1
380 341 3 4 5 2 2
381 164 3 4 4 2 2
381 178 3 4 4 2 2
381 214 3 4 4 3 1
382 31 3 4 3 2 2
382 41 3 4 3 2 2
382 53 3 5 3 3 2
382 83 3 5 3 3 2
382 109 3 4 3 1 3
382 129 4 4 4 2 2
382 151 3 5 3 2 3
382 199 3 4 3 2 2
382 229 3 4 3 2 2
382 253 3 4 4 2 2
382 269 3 4 3 3 1
382 281 3 4 3 3 1
382 287 3 4 4 2 2
382 289 3 4 3 2 2
382 311 3 4 3 3 1
382 313 3 4 3 2 2
382 331 3 4 3 2 2
382 359 4 4 3 3 1
383 44 3 4 3 2 2
383 64 3 4 2 2 2
383 100 3 4 3 3 1
383 134 4 4 3 2 2
383 152 3 5 3 2 3
383 202 3 4 3 3 1
383 206 3 4 3 2 2
383 218 3 4 3 1 3
383 226 3 4 3 3 1
383 240 3 4 4 2 2
383 244 3 4 3 3 1
383 254 3 4 3 2 2
383 266 3 4 4 2 2
383 284 3 4 3 2 2
383 362 3 4 3 2 2
383 376 3 4 3 3 1
384 43 3 4 3 2 2
384 61 3 4 3 2 2
384 97 3 4 3 2 2
384 329 3 4 4 2 2
386 17 3 4 3 2 2
386 59 3 4 3 2 2
386 71 3 4 3 1 3
386 79 3 4 3 3 1
386 85 3 4 4 2 2
386 87 3 4 4 2 2
386 97 3 4 3 3 1
386 133 4 4 4 2 2
386 167 3 4 3 2 2
386 173 3 4 3 2 2
386 175 3 4 4 3 1
386 203 3 4 4 2 2
386 241 3 5 3 3 2
386 253 4 4 4 2 2
386 269 3 4 3 2 2
386 281 3 5 3 2 3
386 293 3 4 3 2 2
386 309 3 4 4 2 2
386 311 3 4 3 2 2
386 317 3 4 3 2 2
387 2 3 4 3 1 3
387 16 3 4 3 2 2
387 166 3 4 4 2 2
387 268 3 4 4 2 2
388 3 3 5 3 2 3
388 31 3 4 3 1 3
388 49 3 4 3 2 2
388 59 3 4 3 2 2
388 63 3 4 4 2 2
388 73 3 4 3 1 3
388 89 3 4 3 2 2
388 101 3 4 3 2 2
388 107 3 4 3 3 1
388 109 3 4 3 2 2
388 129 3 4 4 2 2
388 139 3 4 3 2 2
388 151 3 4 3 2 2
388 171 3 4 4 2 2
388 179 3 4 3 2 2
388 185 3 4 4 2 2
388 239 3 4 3 3 1
388 245 3 4 4 2 2
388 269 3 4 3 2 2
388 277 3 5 3 3 2
388 283 3 5 3 2 3
388 301 3 4 4 2 2
388 311 3 4 3 2 2
388 367 3 4 3 2 2
389 18 3 4 3 2 2
389 34 3 4 3 2 2
389 70 3 4 4 2 2
389 86 3 4 3 2 2
389 88 3 4 3 2 2
389 122 3 4 3 2 2
389 128 3 4 2 2 2
389 144 3 4 3 2 2
389 172 3 5 3 3 2
389 202 3 4 3 2 2
389 262 4 4 3 3 1
389 278 3 4 3 2 2
389 298 3 4 3 2 2
389 314 3 4 3 2 2
389 332 3 4 3 2 2
389 352 3 4 3 3 1
389 356 3 4 3 2 2
391 8 3 4 3 3 1
391 22 3 4 4 2 2
391 82 3 4 4 2 2
391 118 3 4 4 1 3
391 142 3 4 4 2 2
391 174 3 4 5 2 2
391 218 3 4 4 3 1
391 226 3 4 4 1 3
391 248 3 4 4 2 2
391 274 3 5 4 3 2
391 356 3 4 4 2 2
392 1 3 4 2 2 2
392 23 3 4 3 2 2
392 47 3 4 3 1 3
392 59 3 4 3 2 2
392 89 3 4 3 2 2
392 101 3 4 3 2 2
392 127 3 4 3 2 2
392 139 3 4 3 2 2
392 169 3 4 3 3 1
392 183 3 4 4 2 2
392 191 3 4 3 2 2
392 263 3 4 3 2 2
392 271 3 4 3 3 1
392 293 3 4 3 2 2
392 349 3 4 3 3 1
392 367 3 4 3 3 1
393 8 3 4 3 1 3
393 134 3 4 4 2 2
393 158 3 4 4 2 2
394 1 3 4 2 2 2
394 43 3 4 3 2 2
394 53 3 4 3 2 2
394 59 3 4 3 2 2
394 103 3 4 3 2 2
394 107 4 4 3 2 2
394 163 3 4 3 1 3
394 173 3 4 3 2 2
394 187 3 4 4 2 2
394 189 3 4 4 2 2
394 199 3 4 3 1 3
394 201 3 4 4 3 1
394 233 3 5 3 3 2
394 241 3 4 3 2 2
394 277 3 4 3 2 2
394 317 3 4 3 2 2
394 319 3 4 4 2 2
394 337 3 4 3 2 2
394 347 3 4 3 3 1
394 373 3 4 3 2 2
394 383 3 4 3 3 1
395 234 3 4 5 2 2
395 298 3 4 4 3 1
396 97 3 4 4 2 2
396 193 3 4 4 2 2
396 199 3 4 4 3 1
396 269 3 4 4 3 1
397 6 3 4 3 2 2
397 56 3 4 3 2 2
397 74 3 4 3 2 2
397 76 3 4 3 2 2
397 86 3 4 3 3 1
397 88 3 4 3 2 2
397 124 3 4 3 1 3
397 158 3 4 3 3 1
397 166 3 4 3 1 3
397 184 3 4 3 2 2
397 194 3 4 3 2 2
397 208 3 4 3 2 2
397 214 3 4 3 2 2
397 236 3 4 3 2 2
397 274 3 4 3 2 2
397 282 4 4 4 2 2
397 296 3 4 3 3 1
397 306 3 4 4 2 2
397 334 4 4 3 2 2
397 344 3 4 3 3 1
398 1 3 4 2 3 1
398 41 3 4 3 1 3
398 57 3 5 4 3 2
398 67 3 4 3 3 1
398 71 3 4 3 2 2
398 79 4 4 3 2 2
398 125 3 4 3 1 3
398 161 3 4 4 2 2
398 181 4 4 3 2 2
398 183 3 4 4 2 2
398 239 3 4 3 2 2
398 281 3 4 3 2 2
398 299 3 4 4 2 2
398 313 3 4 3 2 2
398 317 3 4 3 3 1
398 379 3 4 3 3 1
399 8 3 4 4 2 2
400 197 3 4 3 2 2
400 223 3 4 3 2 2
400 349 3 4 3 2 2
401 2 3 5 2 2 3
401 28 3 4 3 3 1
401 36 3 4 3 2 2
401 68 3 4 3 2 2
401 72 3 4 3 2 2
401 92 3 4 3 2 2
401 96 3 4 3 2 2
401 114 3 4 4 2 2
401 142 3 4 3 2 2
401 164 3 4 3 2 2
401 244 3 4 3 3 1
401 248 3 4 3 2 2
401 250 3 4 3 3 1
401 262 3 4 3 3 1
401 266 3 4 4 2 2
401 278 3 4 3 2 2
401 286 3 4 4 2 2
401 292 3 4 3 3 1
401 296 3 5 3 2 3
401 302 3 4 3 2 2
401 334 3 4 3 3 1
401 346 3 4 3 2 2
401 380 3 4 4 2 2
402 269 3 4 4 2 2
402 347 3 4 4 2 2
403 4 3 5 3 2 3
403 22 3 4 4 2 2
403 94 3 4 4 2 2
403 116 3 4 4 2 2
403 136 3 4 4 2 2
403 142 3 4 4 2 2
403 150 3 4 5 2 2
403 206 3 4 4 3 1
403 218 3 4 4 2 2
403 224 4 4 4 3 1
403 268 3 4 4 2 2
403 284 3 4 4 2 2
403 334 3 4 4 2 2
403 346 3 4 4 2 2
403 388 3 4 4 2 2
404 5 3 4 3 1 3
404 13 3 4 3 2 2
404 31 3 4 3 3 1
404 33 3 4 4 2 2
404 47 3 5 3 2 3
404 69 3 4 4 2 2
404 103 3 4 3 2 2
404 107 3 4 3 2 2
404 113 3 4 3 2 2
404 151 3 5 3 3 2
404 169 3 4 3 2 2
404 187 3 4 4 2 2
404 229 3 4 3 2 2
404 233 3 4 3 2 2
404 239 3 4 3 1 3
404 293 3 4 3 2 2
404 317 3 4 3 2 2
404 327 3 4 4 2 2
404 337 3 4 3 3 1
404 341 3 4 4 2 2
404 373 3 4 3 3 1
405 146 3 4 4 2 2
405 244 3 4 4 2 2
406 67 3 4 4 2 2
406 89 3 4 4 3 1
406 127 3 4 4 2 2
406 169 3 4 4 2 2
406 179 3 4 4 3 1
406 197 3 4 4 2 2
406 223 3 4 4 2 2
406 257 3 4 4 3 1
406 263 3 4 4 2 2
406 283 3 4 4 2 2
406 349 3 4 4 2 2
406 353 4 4 4 3 1
407 4 3 4 3 2 2
407 20 3 4 4 2 2
407 30 3 4 5 2 2
407 86 3 4 4 2 2
407 98 3 4 4 2 2
407 104 3 4 4 2 2
407 106 3 4 4 2 2
407 146 3 4 4 2 2
407 232 3 4 4 2 2
407 244 3 4 4 3 1
407 302 3 4 4 1 3
407 314 3 4 4 2 2
407 342 3 4 5 2 2
407 358 3 4 4 3 1
408 103 3 4 4 2 2
408 109 3 4 4 2 2
409 4 3 4 2 2 2
409 32 3 4 2 2 2
409 38 3 4 3 2 2
409 74 3 5 3 3 2
409 80 3 4 3 2 2
409 108 3 4 3 2 2
409 152 4 4 3 3 1
409 178 3 4 3 1 3
409 186 3 4 4 3 1
409 196 3 4 3 2 2
409 200 3 5 3 3 2
409 242 3 4 3 3 1
409 290 3 4 4 2 2
409 344 3 4 3 2 2
409 358 3 4 3 2 2
409 368 3 4 3 3 1
409 370 3 4 4 2 2
410 19 3 5 4 3 2
410 179 3 5 4 2 3
410 193 3 4 4 2 2
410 269 3 4 4 2 2
410 277 3 4 4 2 2
410 367 3 4 4 3 1
410 389 3 4 4 2 2
411 124 3 4 4 2 2
411 268 3 4 4 2 2
411 278 3 4 4 2 2
411 292 3 4 4 2 2
412 1 3 4 2 2 2
412 35 3 4 4 2 2
412 43 3 5 3 3 2
412 67 3 4 3 1 3
412 71 3 5 3 3 2
412 137 3 4 3 2 2
412 149 3 4 3 3 1
412 181 3 4 3 1 3
412 191 3 4 3 2 2
412 199 3 4 3 2 2
412 215 3 4 4 3 1
412 223 3 4 3 2 2
412 237 3 4 4 2 2
412 239 3 4 3 3 1
412 247 3 4 4 1 3
412 269 3 4 3 2 2
412 307 3 4 3 1 3
412 319 3 4 4 2 2
412 329 3 4 4 3 1
412 379 3 4 3 2 2
412 383 3 4 3 3 1
412 391 3 4 4 2 2
412 407 3 4 4 3 1
413 32 3 4 3 2 2
413 94 3 4 4 2 2
413 128 3 4 3 1 3
413 176 3 4 4 2 2
413 214 3 4 4 3 1
413 226 3 4 4 2 2
413 232 3 4 4 3 1
413 258 4 4 5 2 2
413 284 3 4 4 2 2
413 292 3 4 4 3 1
414 37 3 4 4 2 2
414 197 3 4 4 2 2
414 281 3 4 4 2 2
414 301 3 4 5 3 1
414 323 3 4 5 2 2
415 8 3 4 3 2 2
415 86 3 4 4 2 2
415 96 3 4 4 2 2
415 112 3 4 4 2 2
415 278 3 4 4 3 1
415 376 3 4 4 2 2
416 17 3 4 3 1 3
416 25 3 4 3 2 2
416 53 3 4 3 2 2
416 121 3 4 3 2 2
416 131 3 4 3 1 3
416 151 3 4 3 2 2
416 185 3 4 4 1 3
416 207 3 4 4 2 2
416 233 3 4 3 2 2
416 283 3 4 3 2 2
416 287 3 4 4 2 2
416 321 3 4 4 2 2
416 343 3 4 3 3 1
417 116 3 4 4 2 2
417 164 3 4 4 2 2
417 332 3 4 4 2 2
417 382 3 4 4 2 2
418 23 3 4 4 2 2
418 61 3 4 4 1 3
418 79 3 4 4 2 2
418 113 3 4 4 2 2
418 117 3 4 5 2 2
418 119 3 4 5 2 2
418 127 3 4 4 2 2
418 191 3 4 4 3 1
418 193 3 4 4 2 2
418 211 3 4 4 2 2
418 215 3 4 5 2 2
418 233 3 5 4 3 2
418 263 3 4 4 2 2
418 289 4 4 4 2 2
418 295 3 4 5 2 2
418 349 3 4 4 2 2
418 359 3 4 4 3 1
418 387 3 4 5 3 1
418 397 3 4 4 2 2
419 28 3 4 3 2 2
419 62 3 5 3 2 3
419 76 3 4 3 3 1
419 78 3 4 4 2 2
419 92 3 4 3 2 2
419 98 3 4 3 2 2
419 132 3 4 4 2 2
419 146 3 5 3 2 3
419 172 3 4 3 2 2
419 184 3 4 3 2 2
419 202 3 4 3 2 2
419 210 3 4 5 2 2
419 214 3 4 3 2 2
419 232 3 5 3 3 2
419 248 3 4 3 2 2
419 278 3 4 3 2 2
419 296 3 5 3 3 2
419 362 4 4 3 2 2
419 398 3 4 3 2 2
421 16 3 4 2 2 2
421 50 3 4 3 2 2
421 52 4 4 3 2 2
421 64 3 5 2 2 3
421 92 3 4 3 2 2
421 118 4 4 3 2 2
421 122 3 4 3 2 2
421 168 4 4 4 2 2
421 188 4 4 3 3 1
421 212 3 4 3 2 2
421 268 3 4 3 2 2
421 272 3 4 3 3 1
421 302 3 4 3 2 2
421 326 3 4 3 2 2
421 338 3 4 3 3 1
421 358 3 4 3 2 2
421 386 3 4 3 2 2
422 19 3 4 3 2 2
422 29 3 4 3 2 2
422 61 3 4 3 3 1
422 67 3 4 3 2 2
422 95 3 4 4 2 2
422 97 3 4 3 2 2
422 113 3 4 3 2 2
422 121 3 4 3 2 2
422 127 3 4 3 2 2
422 131 3 4 3 2 2
422 139 3 4 3 3 1
422 149 3 4 3 1 3
422 169 3 4 3 2 2
422 191 3 4 3 1 3
422 201 3 4 4 2 2
422 241 3 4 3 3 1
422 243 4 4 3 3 1
422 277 3 4 3 2 2
422 281 3 4 3 2 2
422 299 3 4 4 2 2
422 319 3 4 4 3 1
422 337 3 5 3 3 2
422 355 3 4 4 3 1
422 359 3 4 3 2 2
422 371 3 4 4 2 2
423 88 3 4 4 2 2
423 104 3 4 4 2 2
423 136 3 4 4 2 2
423 214 3 4 4 2 2
423 332 3 4 4 2 2
423 382 3 4 4 3 1
424 13 4 4 3 2 2
424 47 3 4 3 2 2
424 67 3 4 3 1 3
424 79 3 4 3 1 3
424 83 3 4 3 2 2
424 89 3 4 3 2 2
424 103 4 4 3 2 2
424 129 3 4 4 2 2
424 157 4 4 3 2 2
424 161 3 4 4 3 1
424 187 3 4 4 2 2
424 203 3 5 4 3 2
424 259 3 4 4 1 3
424 307 3 4 3 2 2
424 313 3 4 3 2 2
424 353 3 4 3 3 1
424 361 3 4 3 2 2
424 367 3 4 3 2 2
425 254 3 4 4 2 2
425 292 3 4 4 2 2
426 11 3 4 4 2 2
426 41 3 4 4 1 3
426 223 3 4 4 2 2
426 311 3 4 4 2 2
426 349 3 4 4 2 2
426 379 3 4 4 3 1
427 24 3 4 4 2 2
427 46 3 4 4 2 2
427 68 3 4 4 3 1
427 134 3 4 4 3 1
427 212 3 4 4 2 2
427 284 3 4 4 2 2
427 298 3 4 4 2 2
427 314 3 4 4 3 1
427 328 3 4 4 2 2
427 376 3 4 4 2 2
428 29 3 4 3 1 3
428 73 3 4 3 2 2
428 89 3 4 3 2 2
428 99 3 4 4 2 2
428 109 3 4 3 2 2
428 125 3 4 3 2 2
428 131 3 4 3 2 2
428 133 3 5 4 3 2
428 161 3 4 4 2 2
428 187 3 4 4 3 1
428 199 3 4 3 3 1
428 207 3 4 4 2 2
428 209 3 4 4 2 2
428 233 3 4 3 1 3
428 239 3 4 3 2 2
428 241 3 4 3 2 2
428 251 3 4 3 2 2
428 265 3 4 4 3 1
428 343 3 4 3 2 2
428 349 3 4 3 3 1
428 351 3 4 4 2 2
428 371 3 4 4 2 2
428 389 3 4 3 2 2
429 16 3 4 4 2 2
429 268 3 4 5 2 2
430 31 3 4 4 1 3
430 89 3 4 4 2 2
430 143 3 4 5 2 2
430 269 3 4 4 2 2
430 307 3 4 4 2 2
430 337 3 4 4 2 2
431 2 3 4 2 1 3
431 16 3 4 2 2 2
431 24 3 5 3 3 2
431 44 3 4 3 2 2
431 62 3 4 3 2 2
431 108 3 4 3 2 2
431 112 3 4 3 2 2
431 146 3 4 3 1 3
431 152 3 4 3 2 2
431 166 3 4 3 2 2
431 172 3 4 3 2 2
431 178 3 5 3 3 2
431 214 3 5 3 3 2
431 218 4 4 3 2 2
431 248 3 4 3 2 2
431 262 4 4 3 3 1
431 316 3 4 3 2 2
431 328 3 4 3 3 1
431 364 3 4 4 3 1
431 374 3 5 4 3 2
432 23 3 4 3 3 1
432 41 3 4 3 2 2
432 113 3 4 3 2 2
432 179 3 4 3 2 2
432 271 3 4 3 2 2
432 283 3 4 3 3 1
432 289 3 4 3 2 2
432 299 3 4 4 2 2
433 2 3 4 2 3 1
433 20 3 4 3 2 2
433 32 3 4 2 3 1
433 34 3 4 3 1 3
433 82 3 4 3 2 2
433 104 3 4 3 2 2
433 134 3 4 3 2 2
433 162 3 4 3 3 1
433 176 3 4 3 3 1
433 188 3 4 3 2 2
433 202 3 5 3 2 3
433 230 3 5 4 3 2
433 246 3 4 4 2 2
433 256 3 4 2 2 2
433 274 3 4 3 2 2
433 280 3 4 4 2 2
433 304 4 4 3 2 2
433 314 3 4 3 2 2
433 316 3 4 3 2 2
433 326 3 4 3 3 1
433 344 3 4 3 3 1
433 372 3 4 4 3 1
433 386 3 4 3 3 1
433 422 3 4 3 3 1
434 17 3 4 4 2 2
434 43 3 4 4 2 2
434 71 3 4 4 2 2
434 83 3 4 4 2 2
434 181 3 5 4 3 2
434 199 3 4 4 2 2
434 233 3 4 4 2 2
434 247 3 4 5 2 2
434 307 3 4 4 3 1
434 347 3 4 4 2 2
434 365 3 4 5 2 2
434 383 3 4 4 2 2
434 421 3 4 4 3 1
436 7 3 4 3 1 3
436 11 3 4 3 2 2
436 37 3 5 3 2 3
436 41 3 4 3 2 2
436 61 3 4 3 2 2
436 95 3 4 4 2 2
436 103 3 4 3 2 2
436 107 3 4 3 2 2
436 113 3 4 3 2 2
436 117 3 4 4 2 2
436 137 3 4 3 2 2
436 139 3 4 3 2 2
436 163 3 4 3 1 3
436 173 3 4 3 3 1
436 191 3 5 3 3 2
436 233 3 4 3 2 2
436 277 3 4 3 2 2
436 299 3 4 4 3 1
436 313 3 4 3 2 2
436 317 3 4 3 2 2
436 329 3 4 4 3 1
436 343 3 4 3 2 2
436 367 3 4 3 2 2
436 381 4 4 4 2 2
436 383 3 4 3 3 1
436 389 3 4 3 3 1
436 397 3 4 3 2 2
437 14 4 4 4 2 2
437 34 3 4 4 2 2
437 44 3 4 4 2 2
437 74 3 4 4 2 2
437 82 3 4 4 2 2
437 116 4 4 4 2 2
437 142 3 4 4 2 2
437 208 3 4 4 3 1
437 256 3 4 3 3 1
437 272 3 4 4 1 3
437 284 3 4 4 2 2
437 294 3 4 5 2 2
437 326 4 4 4 2 2
437 338 3 4 4 2 2
437 352 3 4 4 2 2
438 35 3 4 5 2 2
438 97 3 4 4 2 2
438 137 3 4 4 2 2
438 227 3 4 4 3 1
438 293 3 4 4 2 2
438 367 3 4 4 3 1
439 2 3 4 2 2 2
439 10 3 4 3 1 3
439 12 3 4 3 2 2
439 26 3 5 3 3 2
439 46 3 4 3 2 2
439 54 3 5 3 2 3
439 56 3 4 3 3 1
439 68 3 4 3 2 2
439 82 3 4 3 1 3
439 106 3 4 3 2 2
439 112 3 4 3 2 2
439 152 3 4 3 2 2
439 172 3 4 3 2 2
439 184 3 5 3 2 3
439 208 3 4 3 1 3
439 232 3 4 3 2 2
439 236 3 4 3 2 2
439 268 3 4 3 2 2
439 284 3 4 3 2 2
439 292 3 4 3 2 2
439 302 3 4 3 3 1
439 328 3 4 3 2 2
439 338 3 4 3 3 1
439 340 3 4 4 2 2
439 352 3 4 3 2 2
439 362 4 4 3 2 2
440 263 4 4 4 2 2
441 34 3 4 4 2 2
441 86 3 4 4 2 2
441 188 3 4 4 2 2
442 71 3 4 4 2 2
442 109 3 4 4 2 2
442 229 3 4 4 2 2
442 271 3 4 4 2 2
442 349 3 4 4 2 2
442 409 4 4 4 2 2
442 419 3 4 4 3 1
443 14 3 4 3 1 3
443 38 3 4 3 2 2
443 44 3 4 3 1 3
443 68 3 4 3 2 2
443 86 3 4 3 1 3
443 122 3 4 3 2 2
443 146 3 4 3 2 2
443 148 3 4 3 2 2
443 166 3 4 3 3 1
443 190 3 4 4 2 2
443 194 3 4 3 2 2
443 208 3 5 3 3 2
443 226 3 4 3 2 2
443 236 3 4 3 2 2
443 242 3 4 3 2 2
443 256 3 4 2 2 2
443 268 3 4 3 2 2
443 278 3 5 3 2 3
443 302 3 4 3 2 2
443 310 3 4 4 2 2
443 356 3 4 3 2 2
443 376 3 4 3 3 1
443 404 3 4 3 2 2
444 7 3 4 4 2 2
444 29 3 4 4 2 2
444 145 3 4 5 2 2
444 179 3 4 4 2 2
444 223 3 4 4 2 2
444 227 3 4 4 2 2
444 301 3 4 5 2 2
444 349 3 4 4 2 2
445 28 3 4 4 2 2
445 46 3 4 4 1 3
445 158 3 4 4 2 2
445 192 3 4 4 2 2
445 206 3 4 4 3 1
445 218 3 4 4 3 1
445 236 3 4 4 2 2
445 262 3 4 4 2 2
446 23 3 4 3 2 2
446 35 3 4 4 2 2
446 37 3 4 3 3 1
446 71 3 4 3 2 2
446 127 3 4 3 2 2
446 137 4 4 3 2 2
446 143 3 4 4 2 2
446 149 3 5 3 3 2
446 163 3 4 3 3 1
446 173 3 4 3 1 3
446 187 3 4 4 2 2
446 193 3 4 3 2 2
446 209 3 4 4 2 2
446 215 3 4 4 1 3
446 233 3 4 3 2 2
446 241 3 4 3 2 2
446 247 3 4 4 3 1
446 257 3 4 3 2 2
446 271 3 4 3 2 2
446 303 3 4 4 2 2
446 317 3 4 3 2 2
446 319 3 4 4 3 1
446 331 3 5 3 3 2
446 347 3 4 3 2 2
446 373 4 4 3 3 1
446 409 3 4 3 3 1
447 92 3 4 4 2 2
447 118 3 4 4 2 2
447 352 3 4 4 2 2
448 11 3 4 3 2 2
448 13 3 4 3 1 3
448 41 3 4 3 2 2
448 137 3 4 3 3 1
448 149 3 4 3 2 2
448 163 3 5 3 2 3
448 173 3 4 3 2 2
448 181 3 4 3 2 2
448 197 3 4 3 3 1
448 241 3 4 3 2 2
448 347 3 4 3 3 1
448 355 3 4 4 2 2
448 383 3 4 3 2 2
449 2 3 4 2 2 2
449 6 3 4 3 3 1
449 22 3 4 3 2 2
449 62 3 4 3 2 2
449 64 3 5 2 2 3
449 68 3 4 3 2 2
449 78 3 4 4 2 2
449 178 4 4 3 3 1
449 232 3 4 3 2 2
449 248 3 4 3 2 2
449 264 3 4 4 2 2
449 266 3 5 4 3 2
449 310 3 4 4 3 1
449 326 3 4 3 2 2
449 334 3 4 3 2 2
449 346 3 4 3 3 1
449 358 3 4 3 2 2
449 386 3 4 3 2 2
449 398 3 4 3 2 2
449 412 4 4 3 3 1
450 131 3 4 4 2 2
451 32 4 4 3 3 1
451 38 3 4 4 2 2
451 122 3 4 4 2 2
451 128 3 4 3 2 2
451 134 3 4 4 3 1
451 152 3 4 4 2 2
451 172 3 4 4 2 2
451 214 3 5 4 3 2
451 254 3 4 4 3 1
451 280 3 4 5 2 2
451 332 3 4 4 2 2
451 382 3 4 4 2 2
451 386 3 4 4 2 2
452 1 3 4 2 2 2
452 29 3 4 3 2 2
452 31 3 4 3 3 1
452 41 3 4 3 2 2
452 45 3 4 4 2 2
452 59 3 4 3 2 2
452 61 3 4 3 2 2
452 81 3 4 3 2 2
452 151 3 4 3 2 2
452 167 3 4 3 1 3
452 193 3 5 3 3 2
452 211 3 4 3 3 1
452 221 3 4 4 1 3
452 227 3 4 3 2 2
452 233 3 4 3 2 2
452 241 3 4 3 3 1
452 251 3 4 3 2 2
452 289 3 4 3 3 1
452 319 3 4 4 2 2
452 329 3 4 4 2 2
452 341 3 4 4 2 2
452 397 3 4 3 2 2
452 419 4 4 3 2 2
453 16 4 4 3 2 2
453 128 3 4 3 2 2
453 244 3 4 4 2 2
453 262 3 4 4 3 1
453 398 3 4 4 2 2
454 27 3 4 3 2 2
454 31 3 4 3 2 2
454 47 3 4 3 2 2
454 73 3 4 3 2 2
454 83 4 4 3 2 2
454 97 3 5 3 2 3
454 99 3 4 4 2 2
454 107 3 4 3 3 1
454 109 3 4 3 1 3
454 125 3 4 3 2 2
454 139 3 4 3 1 3
454 167 3 4 3 2 2
454 173 3 4 3 3 1
454 191 3 4 3 3 1
454 197 3 4 3 3 1
454 199 3 4 3 1 3
454 217 3 4 4 2 2
454 267 3 4 4 2 2
454 309 3 4 4 2 2
454 313 3 4 3 2 2
454 323 3 4 4 3 1
454 337 3 4 3 2 2
454 359 3 4 3 2 2
454 371 3 4 4 3 1
454 377 3 4 4 2 2
454 421 3 4 3 2 2
454 439 3 4 3 2 2
456 127 3 4 4 2 2
456 281 3 4 4 2 2
457 16 3 4 2 2 2
457 26 3 4 3 3 1
457 54 3 4 3 2 2
457 70 3 4 4 2 2
457 76 3 4 3 2 2
457 86 3 4 3 2 2
457 94 4 4 3 2 2
457 116 3 4 3 2 2
457 142 3 4 3 1 3
457 148 3 4 3 2 2
457 154 3 4 4 2 2
457 166 3 4 3 2 2
457 192 3 4 3 2 2
457 206 3 4 3 3 1
457 226 3 4 3 1 3
457 236 3 5 3 3 2
457 274 3 4 3 2 2
457 280 3 4 4 2 2
457 296 3 4 3 2 2
457 314 3 4 3 2 2
457 322 3 4 4 2 2
457 328 3 4 3 2 2
457 348 3 4 4 3 1
457 380 3 4 4 2 2
457 436 3 4 3 2 2
457 440 3 4 4 3 1
458 11 3 4 3 2 2
458 13 3 4 3 2 2
458 29 3 4 3 1 3
458 37 3 4 3 3 1
458 47 3 4 3 2 2
458 81 3 4 3 2 2
458 93 3 4 4 2 2
458 101 4 5 3 2 3
458 131 3 4 3 2 2
458 151 3 4 3 3 1
458 171 3 4 4 2 2
458 179 3 4 3 2 2
458 191 3 4 3 2 2
458 199 3 4 3 2 2
458 209 3 4 4 2 2
458 249 4 4 4 2 2
458 301 3 4 4 3 1
458 305 3 4 4 2 2
458 319 3 4 4 3 1
458 323 3 4 4 2 2
458 341 3 4 4 2 2
458 353 3 4 3 1 3
458 359 3 4 3 2 2
458 361 3 4 3 3 1
458 389 3 4 3 2 2
458 439 3 4 3 3 1
459 22 3 4 4 2 2
459 56 3 4 4 2 2
460 89 3 4 4 2 2
460 163 3 4 4 2 2
460 233 3 4 4 3 1
460 247 3 4 5 2 2
460 251 3 4 4 2 2
460 443 3 4 4 3 1
461 8 4 4 2 2 2
461 22 4 4 3 3 1
461 36 3 4 3 2 2
461 56 3 4 3 2 2
461 62 3 4 3 1 3
461 74 3 4 3 2 2
461 92 3 4 3 2 2
461 94 3 4 3 3 1
461 128 3 4 2 2 2
461 142 3 4 3 2 2
461 162 3 4 3 2 2
461 188 3 5 3 2 3
461 196 3 4 3 2 2
461 204 3 4 4 3 1
461 230 3 4 4 1 3
461 252 3 4 4 2 2
461 254 3 5 3 3 2
461 256 3 4 2 2 2
461 280 3 4 4 3 1
461 298 3 4 3 3 1
461 318 3 4 4 2 2
461 328 3 4 3 2 2
461 332 3 4 3 2 2
461 334 3 4 3 3 1
461 342 4 4 4 2 2
461 358 3 4 3 3 1
461 374 3 4 4 2 2
461 428 3 4 3 2 2
461 442 3 4 4 3 1
462 71 3 4 5 2 2
463 12 3 4 3 2 2
463 18 3 4 3 2 2
463 26 3 4 3 2 2
463 34 3 5 3 2 3
463 56 3 4 3 2 2
463 64 3 5 2 2 3
463 86 3 4 3 2 2
463 92 3 5 3 3 2
463 118 3 5 3 2 3
463 128 3 4 2 2 2
463 152 3 4 3 3 1
463 164 3 5 3 3 2
463 188 3 5 3 3 2
463 216 3 4 3 2 2
463 244 3 4 3 2 2
463 254 3 4 3 2 2
463 272 3 4 3 3 1
463 274 4 4 3 2 2
463 278 3 5 3 3 2
463 302 3 5 3 3 2
463 314 3 4 3 3 1
463 322 3 4 4 2 2
463 356 3 4 3 3 1
463 406 3 4 4 2 2
463 428 3 4 3 2 2
463 434 3 4 4 3 1
464 19 3 5 3 3 2
464 37 3 4 3 2 2
464 47 3 4 3 2 2
464 53 3 4 3 2 2
464 65 3 4 4 1 3
464 71 3 4 3 2 2
464 97 3 4 3 3 1
464 107 3 4 3 1 3
464 139 3 4 3 2 2
464 163 3 5 3 3 2
464 173 3 4 3 2 2
464 201 3 4 4 3 1
464 217 3 4 4 2 2
464 241 3 4 3 3 1
464 247 3 4 4 2 2
464 303 3 4 4 2 2
464 317 3 4 3 2 2
464 353 3 4 3 2 2
464 371 3 4 4 2 2
464 379 3 4 3 2 2
464 397 3 4 3 3 1
464 407 3 4 4 2 2
465 52 3 4 5 2 2
465 146 3 4 5 2 2
465 206 3 4 5 2 2
466 17 3 4 3 3 1
466 29 3 5 3 3 2
466 53 4 4 3 2 2
466 67 3 5 3 2 3
466 157 3 4 3 2 2
466 169 3 4 3 2 2
466 179 3 5 3 3 2
466 181 3 4 3 1 3
466 185 3 4 4 3 1
466 193 4 4 3 1 3
466 227 4 4 3 3 1
466 257 3 4 3 2 2
466 275 3 4 4 3 1
466 283 4 4 3 2 2
466 289 3 4 3 2 2
466 323 3 4 4 2 2
466 347 3 4 3 2 2
466 353 3 4 3 3 1
466 367 3 4 3 2 2
466 419 3 4 3 3 1
466 427 3 4 4 2 2
466 431 3 5 3 3 2
467 8 3 4 2 2 2
467 14 3 4 3 2 2
467 44 3 4 3 2 2
467 64 3 4 2 2 2
467 86 3 4 3 2 2
467 94 3 4 3 3 1
467 112 3 4 3 2 2
467 138 4 4 4 2 2
467 144 3 4 3 2 2
467 166 3 4 3 2 2
467 184 3 4 3 3 1
467 194 3 4 3 1 3
467 196 3 4 3 3 1
467 202 3 4 3 2 2
467 214 3 4 3 2 2
467 226 4 4 3 3 1
467 236 3 5 3 2 3
467 254 3 4 3 2 2
467 268 3 4 3 3 1
467 274 3 4 3 3 1
467 308 3 4 4 2 2
467 312 3 4 4 2 2
467 326 3 4 3 2 2
467 338 3 5 3 3 2
467 376 3 4 3 2 2
467 380 3 4 4 2 2
467 394 3 4 3 3 1
467 428 3 4 3 2 2
467 434 3 4 4 2 2
468 83 3 5 4 2 3
468 181 3 4 4 2 2
468 281 3 4 4 2 2
468 337 3 4 4 3 1
469 32 3 4 3 2 2
469 34 3 4 4 1 3
469 62 3 4 4 2 2
469 74 3 4 4 2 2
469 142 3 4 4 2 2
469 158 3 4 4 3 1
469 164 3 4 4 2 2
469 176 3 4 4 3 1
469 244 3 4 4 2 2
469 248 3 4 4 2 2
469 262 3 4 4 2 2
469 298 3 4 4 2 2
469 326 3 5 4 3 2
469 346 4 4 4 2 2
469 382 3 4 4 2 2
469 404 3 4 4 2 2
469 424 3 4 4 2 2
470 157 3 4 4 3 1
470 211 3 4 4 2 2
470 267 3 4 5 2 2
471 2 3 4 3 2 2
471 80 3 4 4 2 2
471 184 3 4 4 2 2
471 218 3 4 4 2 2
471 236 3 4 4 2 2
471 310 3 4 5 2 2
471 380 3 4 5 2 2
471 394 3 4 4 2 2
472 1 3 4 2 2 2
472 7 3 4 3 1 3
472 11 3 4 3 3 1
472 61 3 4 3 2 2
472 67 3 4 3 2 2
472 101 3 4 3 2 2
472 107 3 4 3 2 2
472 115 3 4 4 1 3
472 131 3 4 3 2 2
472 137 3 5 3 3 2
472 139 3 4 3 2 2
472 149 3 4 3 2 2
472 199 3 5 3 2 3
472 221 3 4 4 3 1
472 241 4 5 3 2 3
472 251 3 4 3 2 2
472 305 3 4 4 3 1
472 319 3 4 4 2 2
472 331 3 4 3 2 2
472 353 3 5 3 3 2
472 373 3 4 3 2 2
472 383 3 4 3 3 1
472 397 3 4 3 2 2
472 407 3 4 4 2 2
472 431 3 4 3 3 1
473 4 3 4 3 2 2
473 46 3 4 4 2 2
473 92 3 4 4 2 2
473 116 4 5 4 2 3
473 118 3 4 4 2 2
473 142 3 4 4 3 1
473 182 3 4 5 2 2
473 194 3 4 4 2 2
473 224 3 4 4 2 2
473 226 4 4 4 2 2
473 248 3 4 4 2 2
473 298 3 4 4 2 2
473 304 3 4 4 3 1
473 318 3 4 5 2 2
473 326 3 4 4 2 2
473 346 3 4 4 3 1
473 362 3 4 4 2 2
473 428 3 4 4 2 2
473 458 3 4 4 2 2
474 23 3 4 4 2 2
474 37 3 4 4 2 2
474 121 3 4 4 3 1
474 257 3 4 4 2 2
474 397 3 4 4 2 2
474 439 3 4 4 2 2
474 461 3 4 4 3 1
475 98 3 4 4 2 2
475 134 3 5 4 3 2
475 332 3 4 4 2 2
476 1 3 4 3 2 2
476 83 3 4 4 2 2
476 157 3 4 4 2 2
476 173 3 4 4 2 2
476 223 3 4 4 2 2
476 349 3 4 4 3 1
476 389 3 4 4 2 2
476 437 3 4 5 2 2
477 4 3 4 3 2 2
477 188 3 4 4 3 1
477 272 3 4 4 2 2
477 316 3 4 4 2 2
477 422 3 4 4 2 2
478 19 3 4 3 2 2
478 23 3 5 3 2 3
478 41 3 4 3 2 2
478 49 3 5 3 2 3
478 79 3 4 3 1 3
478 93 4 4 4 1 3
478 131 3 4 3 3 1
478 145 3 4 4 2 2
478 149 3 5 3 3 2
478 151 3 4 3 2 2
478 167 3 4 3 3 1
478 179 3 4 3 2 2
478 191 3 4 3 2 2
478 219 3 4 4 2 2
478 229 3 4 3 2 2
478 271 3 4 3 2 2
478 275 3 4 4 2 2
478 277 3 4 3 2 2
478 281 3 4 3 3 1
478 301 3 4 4 2 2
478 325 3 4 4 2 2
478 341 3 4 4 3 1
478 383 3 5 3 3 2
478 391 3 4 4 2 2
478 401 4 4 3 2 2
478 439 3 4 3 2 2
478 467 3 4 3 3 1
479 2 3 4 2 2 2
479 6 3 4 3 2 2
479 38 3 4 3 2 2
479 46 3 4 3 3 1
479 52 3 4 3 2 2
479 82 3 4 3 3 1
479 88 4 4 3 2 2
479 122 3 4 3 1 3
479 148 3 4 3 3 1
479 158 4 4 3 2 2
479 160 3 4 3 2 2
479 166 3 4 3 3 1
479 172 3 4 3 3 1
479 192 4 4 3 2 2
479 218 3 4 3 2 2
479 224 3 5 3 2 3
479 226 3 5 3 3 2
479 232 3 4 3 2 2
479 258 3 4 4 2 2
479 284 3 5 3 2 3
479 292 3 4 3 2 2
479 302 3 4 3 2 2
479 382 3 4 3 3 1
479 386 3 4 3 2 2
479 392 3 4 3 2 2
481 14 3 4 4 3 1
481 58 3 4 4 2 2
481 68 3 4 4 2 2
481 82 3 4 4 1 3
481 212 3 4 4 3 1
481 272 3 4 4 2 2
481 304 3 4 4 2 2
481 320 3 4 4 2 2
481 322 3 4 5 2 2
481 352 3 4 4 2 2
481 388 3 4 4 2 2
481 418 3 4 5 2 2
481 422 3 4 4 3 1
481 434 3 4 5 3 1
482 31 4 4 3 2 2
482 71 3 4 3 2 2
482 73 3 4 3 3 1
482 101 3 4 3 2 2
482 163 3 5 3 3 2
482 187 3 4 4 2 2
482 197 3 5 3 2 3
482 203 3 4 4 2 2
482 211 3 4 3 3 1
482 221 3 4 4 2 2
482 229 3 4 3 2 2
482 259 3 4 4 3 1
482 265 3 4 4 2 2
482 281 3 4 3 2 2
482 299 3 4 4 2 2
482 415 3 4 4 3 1
482 419 3 4 3 2 2
482 421 3 4 3 3 1
482 449 3 4 3 2 2
483 76 3 4 5 2 2
483 296 3 4 5 2 2
483 452 3 4 5 3 1
484 19 3 4 3 1 3
484 67 3 4 3 2 2
484 107 3 4 3 2 2
484 113 3 4 3 2 2
484 119 3 4 4 2 2
484 145 3 4 4 2 2
484 167 4 4 3 3 1
484 197 3 4 3 2 2
484 219 3 4 4 2 2
484 223 4 4 3 2 2
484 257 3 4 3 3 1
484 263 3 4 3 2 2
484 269 3 4 3 2 2
484 293 3 4 3 3 1
484 311 3 4 3 3 1
484 323 3 4 4 2 2
484 349 3 4 3 2 2
484 367 3 4 3 2 2
484 379 3 4 3 1 3
484 389 3 4 3 2 2
484 461 3 4 3 3 1
485 2 3 4 3 1 3
485 32 3 4 3 2 2
485 98 3 4 4 2 2
485 104 3 4 4 2 2
485 124 3 4 4 3 1
485 236 3 4 4 2 2
485 292 3 4 4 3 1
485 394 3 4 4 2 2
486 79 3 4 3 2 2
486 181 3 4 3 2 2
486 227 3 4 3 2 2
486 229 3 4 3 3 1
487 4 4 4 2 1 3
487 14 3 4 3 2 2
487 22 3 4 3 1 3
487 64 3 4 2 2 2
487 72 3 4 3 2 2
487 74 3 5 3 3 2
487 124 3 4 3 2 2
487 146 3 4 3 2 2
487 184 3 4 3 2 2
487 214 3 4 3 1 3
487 228 3 5 4 3 2
487 238 3 4 4 2 2
487 256 3 4 2 1 3
487 266 3 4 4 2 2
487 304 3 4 3 2 2
487 316 4 4 3 2 2
487 326 3 4 3 2 2
487 332 3 5 3 3 2
487 344 3 4 3 2 2
487 346 3 4 3 2 2
487 364 3 4 4 2 2
487 374 3 4 4 3 1
487 412 3 4 3 2 2
487 416 3 4 3 3 1
488 5 3 5 3 2 3
488 37 3 5 3 3 2
488 51 3 4 4 2 2
488 65 3 4 4 2 2
488 71 3 4 3 2 2
488 89 3 4 3 1 3
488 121 3 4 3 3 1
488 133 3 4 4 2 2
488 139 4 4 3 3 1
488 143 3 4 4 1 3
488 147 3 4 4 2 2
488 169 3 4 3 2 2
488 173 3 4 3 1 3
488 201 4 4 4 2 2
488 217 3 4 4 3 1
488 229 3 4 3 2 2
488 271 3 5 3 3 2
488 277 3 4 3 3 1
488 301 3 4 4 2 2
488 303 3 4 4 2 2
488 329 3 4 4 2 2
488 331 3 4 3 3 1
488 355 3 4 4 2 2
488 359 3 4 3 2 2
488 401 3 4 3 2 2
488 411 3 4 4 2 2
488 433 3 4 3 2 2
489 38 3 4 4 2 2
489 64 3 4 3 2 2
489 106 3 4 4 3 1
489 148 3 4 4 2 2
489 242 3 4 4 2 2
489 302 3 4 4 2 2
489 424 3 4 4 2 2
489 454 3 4 4 2 2
490 17 3 4 4 2 2
490 71 3 4 4 3 1
491 2 3 4 2 2 2
491 8 3 4 2 1 3
491 62 3 5 3 2 3
491 68 3 4 3 2 2
491 76 3 4 3 2 2
491 88 3 4 3 2 2
491 92 3 5 3 2 3
491 94 3 4 3 3 1
491 98 3 4 3 2 2
491 158 3 4 3 2 2
491 196 3 4 3 2 2
491 206 3 5 3 2 3
491 212 3 4 3 2 2
491 216 3 4 3 2 2
491 218 3 4 3 1 3
491 232 3 4 3 2 2
491 236 3 4 3 1 3
491 246 3 4 4 2 2
491 256 3 4 2 2 2
491 272 3 4 3 2 2
491 288 3 4 3 2 2
491 314 4 5 3 3 2
491 328 3 4 3 3 1
491 394 3 4 3 3 1
491 398 3 4 3 2 2
491 440 3 4 4 2 2
491 452 3 4 3 2 2
491 458 3 4 3 2 2
491 466 3 4 3 3 1
492 89 3 4 4 2 2
492 157 3 4 4 2 2
492 239 3 4 4 2 2
492 257 3 4 4 2 2
492 271 3 4 4 2 2
492 289 3 4 4 2 2
492 401 3 4 4 2 2
493 4 3 4 3 2 2
493 18 3 4 4 2 2
493 56 3 4 4 2 2
493 86 3 4 4 2 2
493 148 3 4 4 1 3
493 164 3 4 4 2 2
493 194 3 4 4 2 2
493 196 3 4 4 2 2
493 214 3 4 4 2 2
493 244 3 4 4 2 2
493 278 3 4 4 2 2
493 284 3 5 4 3 2
493 326 3 4 4 3 1
493 368 3 4 4 3 1
493 404 3 4 4 3 1
493 424 3 4 4 2 2
494 17 3 4 4 2 2
494 21 3 4 5 2 2
494 23 3 4 4 2 2
494 41 3 4 4 2 2
494 115 3 4 5 3 1
494 157 4 4 4 3 1
494 173 3 4 4 2 2
494 191 3 4 4 2 2
494 193 3 4 4 2 2
494 203 3 4 5 2 2
494 263 3 4 4 1 3
494 287 3 4 5 2 2
494 307 3 4 4 2 2
494 331 3 4 4 3 1
494 353 3 4 4 2 2
494 395 3 4 5 2 2
494 463 3 4 4 3 1
496 13 3 4 3 1 3
496 23 3 4 3 2 2
496 29 3 4 3 3 1
496 43 3 4 3 2 2
496 49 3 4 3 2 2
496 97 3 4 3 1 3
496 113 3 4 3 3 1
496 127 4 4 3 2 2
496 131 3 5 3 3 2
496 133 3 4 4 2 2
496 167 3 5 3 3 2
496 169 3 5 3 3 2
496 173 3 4 3 2 2
496 193 3 4 3 2 2
496 199 3 4 3 2 2
496 263 3 4 3 3 1
496 283 4 4 3 2 2
496 309 3 5 4 3 2
496 323 3 4 4 3 1
496 335 3 4 4 2 2
496 377 3 4 4 2 2
496 405 3 4 4 2 2
496 407 3 4 4 3 1
496 491 3 4 3 3 1
497 4 3 4 3 2 2
497 16 3 4 3 2 2
497 52 3 4 4 2 2
497 86 4 4 4 2 2
497 106 4 4 4 2 2
497 166 3 4 4 3 1
497 206 4 4 4 2 2
497 242 3 4 4 1 3
497 244 3 5 4 3 2
497 282 3 4 5 2 2
497 288 3 4 4 2 2
497 354 3 4 5 2 2
497 358 3 4 4 3 1
497 388 3 4 4 3 1
497 404 3 4 4 2 2
497 458 3 4 4 2 2
497 460 3 4 5 3 1
498 29 3 4 4 2 2
498 85 3 4 5 2 2
498 199 3 4 4 2 2
498 233 3 4 4 2 2
498 293 3 4 4 2 2
499 14 3 4 3 2 2
499 40 3 4 3 2 2
499 44 3 5 3 2 3
499 62 3 5 3 3 2
499 82 3 4 3 2 2
499 92 4 4 3 2 2
499 112 3 4 3 2 2
499 114 3 4 4 1 3
499 122 3 4 3 2 2
499 130 3 4 4 2 2
499 142 4 4 3 1 3
499 158 3 4 3 2 2
499 194 3 5 3 3 2
499 242 3 4 3 3 1
499 246 3 4 4 2 2
499 268 3 5 3 2 3
499 282 3 4 4 2 2
499 304 3 5 3 2 3
499 306 3 4 4 3 1
499 352 3 4 3 2 2
499 362 3 4 3 3 1
499 398 3 4 3 3 1
499 404 3 5 3 3 2
499 422 3 4 3 2 2
499 470 3 4 4 3 1
500 61 3 4 3 3 1
500 71 3 4 3 1 3
500 151 3 4 3 3 1
500 193 3 4 3 3 1
500 269 3 4 3 1 3
500 277 3 4 3 3 1
500 293 3 4 3 2 2
500 317 3 4 3 2 2
501 32 3 4 3 2 2
501 74 3 4 4 2 2
501 178 3 4 4 2 2
501 202 3 4 4 2 2
501 206 3 4 4 2 2
501 292 3 4 4 2 2
501 316 3 4 4 2 2
501 368 4 4 4 2 2
501 416 3 4 4 2 2
502 19 3 4 3 1 3
502 29 3 4 3 2 2
502 49 4 4 3 2 2
502 51 3 4 4 2 2
502 53 3 4 3 3 1
502 59 3 4 3 3 1
502 79 4 4 3 2 2
502 83 3 4 3 3 1
502 89 3 4 3 2 2
502 109 3 4 3 2 2
502 121 3 4 3 2 2
502 131 4 4 3 2 2
502 149 3 4 3 3 1
502 211 3 4 3 2 2
502 253 3 4 4 2 2
502 257 3 5 3 3 2
502 281 3 4 3 2 2
502 287 3 4 4 2 2
502 337 3 4 3 1 3
502 341 3 4 4 2 2
502 359 3 5 3 3 2
502 369 3 4 4 2 2
502 391 3 4 4 2 2
502 411 3 4 4 2 2
502 443 3 4 3 3 1
502 485 3 4 4 3 1
502 499 3 4 3 3 1
503 14 3 4 3 2 2
503 20 3 4 3 1 3
503 58 3 5 3 3 2
503 62 3 4 3 2 2
503 74 3 4 3 1 3
503 76 3 4 3 2 2
503 104 3 4 3 1 3
503 106 3 4 3 3 1
503 124 3 4 3 3 1
503 164 4 4 3 2 2
503 176 4 4 3 2 2
503 188 3 4 3 1 3
503 202 3 5 3 3 2
503 228 3 4 4 2 2
503 244 3 4 3 2 2
503 286 3 4 4 2 2
503 344 4 4 3 2 2
503 352 3 4 3 3 1
503 358 3 5 3 3 2
503 368 3 4 3 2 2
503 370 3 4 4 2 2
503 386 4 4 3 2 2
503 410 3 4 4 2 2
503 448 3 4 3 2 2
503 470 3 4 4 2 2
504 11 3 4 4 2 2
504 163 3 4 4 2 2
505 146 3 4 4 3 1
505 218 3 4 4 2 2
505 428 3 4 4 2 2
505 452 3 4 4 3 1
505 484 3 4 4 2 2
506 21 3 4 5 2 2
506 31 3 4 4 2 2
506 47 4 4 4 2 2
506 83 3 4 4 2 2
506 103 3 5 4 3 2
506 107 3 4 4 1 3
506 109 3 4 4 3 1
506 151 3 4 4 2 2
506 157 3 4 4 3 1
506 183 3 4 5 2 2
506 197 3 4 4 2 2
506 205 3 4 5 2 2
506 229 3 4 4 3 1
506 239 3 4 4 2 2
506 257 3 4 4 2 2
506 287 3 4 5 2 2
506 293 3 4 4 2 2
506 313 3 4 4 3 1
506 331 3 4 4 2 2
506 359 3 4 4 2 2
506 373 3 4 4 2 2
506 383 3 4 4 2 2
506 387 3 4 5 2 2
506 395 3 4 5 2 2
506 409 3 4 4 3 1
506 411 3 4 5 2 2
506 443 3 4 4 2 2
506 463 3 4 4 3 1
506 499 3 4 4 3 1
507 158 3 4 4 3 1
507 206 3 4 4 2 2
507 362 3 4 4 2 2
508 23 3 4 3 2 2
508 31 3 4 3 2 2
508 71 3 4 3 2 2
508 77 3 4 4 3 1
508 81 3 4 3 2 2
508 83 3 4 3 2 2
508 109 3 4 3 1 3
508 131 3 4 3 2 2
508 151 4 4 3 1 3
508 179 3 4 3 2 2
508 199 3 4 3 2 2
508 209 3 4 4 2 2
508 213 3 4 4 2 2
508 229 4 4 3 2 2
508 241 3 4 3 2 2
508 251 3 4 3 3 1
508 255 3 4 5 2 2
508 273 3 4 5 2 2
508 291 3 4 4 2 2
508 307 3 4 3 2 2
508 347 3 5 3 3 2
508 361 3 4 3 2 2
508 389 3 5 3 3 2
508 395 3 4 4 3 1
508 409 3 4 3 2 2
508 431 3 4 3 2 2
508 449 3 4 3 3 1
508 451 4 4 4 2 2
508 467 3 4 3 3 1
509 40 3 4 3 2 2
509 52 3 4 3 3 1
509 54 3 4 3 1 3
509 64 3 4 2 2 2
509 72 3 4 3 2 2
509 94 3 4 3 2 2
509 128 3 4 2 2 2
509 140 3 4 4 2 2
509 208 3 4 3 2 2
509 250 3 5 3 3 2
509 268 3 4 3 3 1
509 272 3 4 3 2 2
509 292 3 4 3 2 2
509 308 3 4 4 2 2
509 316 3 4 3 3 1
509 322 3 4 4 2 2
509 338 3 4 3 2 2
509 380 3 4 4 2 2
509 388 3 4 3 3 1
509 418 3 4 4 2 2
509 424 3 4 3 2 2
509 440 3 4 4 2 2
509 446 3 4 3 2 2
509 478 3 4 3 3 1
509 492 3 4 4 3 1
509 506 3 4 4 3 1
510 307 3 4 5 2 2
511 38 3 4 4 2 2
511 116 3 5 4 3 2
511 178 3 4 4 2 2
511 188 3 4 4 2 2
511 192 3 4 4 2 2
511 202 3 4 4 2 2
511 212 3 4 4 2 2
511 248 3 4 4 3 1
511 254 3 4 4 3 1
511 302 3 4 4 2 2
511 306 3 4 5 2 2
511 344 3 4 4 3 1
511 358 4 4 4 2 2
511 388 3 4 4 2 2
511 404 3 4 4 3 1
511 412 4 4 4 2 2
511 458 3 4 4 3 1
511 464 3 4 4 3 1
511 478 3 4 4 2 2
512 1 4 4 1 2 2
512 27 3 4 2 2 2
512 29 3 4 2 1 3
512 31 3 4 2 2 2
512 41 3 4 2 2 2
512 43 3 5 2 3 2
512 49 3 4 2 3 1
512 53 3 4 2 2 2
512 77 3 5 3 2 3
512 99 3 4 3 2 2
512 109 3 4 2 2 2
512 121 3 4 2 2 2
512 139 3 4 2 3 1
512 181 3 4 2 3 1
512 209 3 4 3 2 2
512 229 3 4 2 3 1
512 233 3 4 2 2 2
512 259 3 4 3 2 2
512 265 3 5 3 3 2
512 281 3 5 2 2 3
512 303 3 4 3 2 2
512 349 3 4 2 3 1
512 373 3 4 2 3 1
512 389 3 4 2 2 2
512 391 3 4 3 3 1
512 443 3 4 2 2 2
512 467 4 4 2 2 2
512 489 3 4 3 3 1
513 212 3 4 4 2 2
513 436 3 4 4 2 2
513 488 3 4 4 3 1
514 3 3 4 3 2 2
514 13 3 4 3 2 2
514 17 3 4 3 2 2
514 61 3 4 3 2 2
514 67 4 4 3 2 2
514 69 3 4 4 2 2
514 107 3 4 3 2 2
514 113 3 4 3 3 1
514 121 3 4 3 2 2
514 137 3 5 3 3 2
514 157 3 5 3 2 3
514 173 3 4 3 2 2
514 191 3 5 3 3 2
514 209 3 4 4 2 2
514 217 3 4 4 2 2
514 223 3 4 3 2 2
514 227 3 5 3 3 2
514 235 3 4 4 2 2
514 239 3 4 3 2 2
514 253 3 4 4 2 2
514 263 3 4 3 3 1
514 267 3 4 4 2 2
514 277 3 4 3 2 2
514 283 3 4 3 1 3
514 299 3 4 4 2 2
514 347 4 4 3 3 1
514 383 3 4 3 3 1
514 403 3 4 4 2 2
514 443 3 4 3 3 1
514 473 3 4 4 3 1
514 487 3 4 3 3 1
515 38 3 4 4 2 2
515 116 3 4 4 1 3
515 248 3 4 4 2 2
515 298 3 4 4 2 2
515 374 3 4 5 2 2
515 388 3 4 4 3 1
515 428 3 4 4 2 2
516 11 3 4 4 2 2
516 23 3 4 4 2 2
516 197 4 4 4 2 2
516 383 3 4 4 2 2
516 397 3 4 4 2 2
517 2 3 4 3 2 2
517 16 3 4 3 2 2
517 28 3 4 4 2 2
517 34 3 5 4 2 3
517 62 3 5 4 2 3
517 80 3 4 4 2 2
517 106 3 4 4 2 2
517 134 3 4 4 3 1
517 146 3 5 4 3 2
517 230 3 4 5 2 2
517 232 3 5 4 2 3
517 244 3 4 4 1 3
517 258 3 4 5 2 2
517 288 3 4 4 3 1
517 314 3 4 4 2 2
517 316 3 4 4 2 2
517 334 3 4 4 2 2
517 380 3 4 5 3 1
517 384 3 4 4 2 2
518 53 3 4 4 1 3
518 97 3 4 4 3 1
518 179 3 4 4 2 2
518 193 3 4 4 2 2
518 199 3 4 4 2 2
518 219 3 4 5 2 2
518 223 3 5 4 3 2
518 241 3 4 4 3 1
518 253 3 4 5 2 2
518 257 3 4 4 2 2
518 271 3 4 4 2 2
518 299 3 4 5 2 2
518 367 3 4 4 3 1
518 425 3 4 5 2 2
518 431 3 4 4 2 2
518 439 4 4 4 3 1
518 461 3 4 4 2 2
518 463 3 4 4 2 2
519 8 3 4 3 2 2
519 148 3 4 4 2 2
519 332 3 4 4 2 2
519 376 3 4 4 2 2
519 482 3 4 4 3 1
520 47 3 4 4 2 2
520 197 3 4 4 2 2
520 283 3 4 4 2 2
520 469 3 4 5 2 2
520 487 3 4 4 2 2
521 44 3 4 3 2 2
521 56 3 4 3 1 3
521 70 3 4 4 2 2
521 86 3 4 3 1 3
521 92 4 4 3 1 3
521 108 3 4 3 2 2
521 122 3 4 3 1 3
521 128 3 4 2 2 2
521 164 3 5 3 2 3
521 186 3 4 4 2 2
521 192 3 4 3 2 2
521 202 3 4 3 2 2
521 220 3 5 4 3 2
521 242 3 4 3 2 2
521 244 3 4 3 3 1
521 248 3 4 3 1 3
521 262 3 4 3 2 2
521 268 3 4 3 2 2
521 272 3 4 3 2 2
521 298 3 4 3 3 1
521 314 3 4 3 2 2
521 356 3 4 3 1 3
521 382 3 4 3 3 1
521 388 3 4 3 2 2
521 402 3 4 4 2 2
521 424 3 4 3 3 1
521 434 3 4 4 2 2
521 448 3 4 3 3 1
521 452 4 4 3 2 2
521 458 3 4 3 2 2
521 466 3 5 3 3 2
521 482 3 4 3 2 2
521 486 3 4 3 2 2
521 502 3 4 3 3 1
522 37 3 4 4 2 2
522 181 3 4 4 2 2
522 263 3 4 4 2 2
522 269 3 4 4 2 2
522 283 3 4 4 3 1
522 413 3 4 5 3 1
522 479 3 4 4 3 1
523 2 3 4 2 3 1
523 16 3 4 2 2 2
523 26 3 4 3 2 2
523 50 3 4 3 2 2
523 86 3 5 3 3 2
523 104 4 4 3 3 1
523 106 3 4 3 2 2
523 128 3 5 2 3 2
523 146 3 4 3 2 2
523 178 3 4 3 1 3
523 184 3 4 3 2 2
523 214 3 4 3 2 2
523 224 3 4 3 2 2
523 236 3 5 3 3 2
523 244 3 4 3 2 2
523 254 4 4 3 3 1
523 256 3 4 2 2 2
523 314 3 4 3 2 2
523 320 3 4 3 2 2
523 374 3 4 4 3 1
523 392 3 4 3 3 1
523 394 3 4 3 2 2
523 404 3 4 3 2 2
523 418 3 4 4 1 3
523 446 3 5 3 3 2
523 466 3 4 3 2 2
523 484 3 4 3 2 2
523 492 3 4 4 3 1
524 1 3 4 2 3 1
524 37 3 4 3 3 1
524 59 3 5 3 2 3
524 71 3 5 3 3 2
524 73 4 4 3 2 2
524 85 3 4 4 3 1
524 87 3 4 4 2 2
524 97 4 4 3 2 2
524 111 3 4 4 2 2
524 113 3 4 3 2 2
524 127 3 4 3 3 1
524 147 3 4 4 2 2
524 179 3 5 3 2 3
524 197 3 4 3 2 2
524 209 3 4 4 1 3
524 223 3 4 3 2 2
524 253 3 4 4 3 1
524 277 3 4 3 2 2
524 293 3 5 3 2 3
524 295 3 4 4 3 1
524 337 3 5 3 3 2
524 347 3 4 3 2 2
524 369 3 4 4 2 2
524 371 3 4 4 2 2
524 373 3 4 3 3 1
524 379 3 5 3 3 2
524 409 3 4 3 2 2
524 411 3 4 4 3 1
524 445 3 4 4 3 1
524 461 3 4 3 2 2
524 477 3 4 4 3 1
526 9 3 4 3 2 2
526 13 3 4 3 2 2
526 19 3 4 3 2 2
526 33 3 4 4 2 2
526 43 3 4 3 1 3
526 97 3 5 3 2 3
526 113 4 4 3 2 2
526 123 3 4 4 2 2
526 127 3 4 3 1 3
526 137 3 4 3 3 1
526 145 3 4 4 2 2
526 187 3 4 4 2 2
526 191 3 4 3 2 2
526 223 3 4 3 2 2
526 227 3 4 3 2 2
526 233 3 4 3 3 1
526 251 4 5 3 3 2
526 253 3 5 4 2 3
526 259 3 4 4 2 2
526 277 3 4 3 2 2
526 293 3 4 3 3 1
526 295 3 4 4 1 3
526 307 3 4 3 2 2
526 309 3 4 4 2 2
526 317 3 4 3 2 2
526 319 3 4 4 2 2
526 323 3 4 4 2 2
526 329 3 4 4 3 1
526 359 3 4 3 3 1
526 361 3 4 3 1 3
526 367 3 4 3 2 2
526 373 3 4 3 2 2
526 407 3 4 4 2 2
526 433 4 4 3 2 2
526 463 4 4 3 2 2
526 497 4 4 4 3 1
526 511 3 4 4 2 2
527 2 3 4 3 1 3
527 16 3 4 3 2 2
527 46 3 4 4 2 2
527 54 3 4 4 2 2
527 56 4 4 4 2 2
527 118 3 4 4 3 1
527 152 3 4 4 2 2
527 176 3 4 4 2 2
527 242 3 4 4 1 3
527 274 3 4 4 2 2
527 296 3 4 4 1 3
527 334 4 4 4 3 1
527 342 3 4 5 2 2
527 344 3 4 4 2 2
527 366 3 4 5 2 2
527 368 3 4 4 2 2
527 376 3 4 4 3 1
527 386 3 4 4 2 2
527 394 3 4 4 2 2
527 404 3 4 4 2 2
527 416 3 4 4 2 2
527 474 3 4 5 3 1
528 73 3 4 4 1 3
528 101 3 4 4 2 2
528 157 3 4 4 2 2
529 2 3 4 2 2 2
529 26 3 4 3 3 1
529 32 4 5 2 3 2
529 76 3 4 3 2 2
529 82 3 4 3 2 2
529 98 4 4 3 3 1
529 136 3 5 3 3 2
529 142 3 4 3 2 2
529 178 3 4 3 2 2
529 188 3 4 3 2 2
529 196 3 4 3 2 2
529 202 3 4 3 2 2
529 212 3 4 3 3 1
529 214 3 4 3 1 3
529 238 3 4 4 2 2
529 242 3 4 3 2 2
529 248 3 4 3 3 1
529 264 3 4 4 2 2
529 266 3 4 4 3 1
529 298 3 4 3 1 3
529 314 3 4 3 2 2
529 332 4 4 3 3 1
529 342 3 4 4 2 2
529 344 3 4 3 2 2
529 364 3 5 4 2 3
529 374 3 5 4 3 2
529 436 3 4 3 2 2
529 452 3 4 3 2 2
529 458 3 4 3 3 1
530 107 3 4 4 2 2
530 131 3 4 4 1 3
530 271 3 4 4 2 2
530 277 3 4 4 2 2
530 331 3 4 4 3 1
530 401 3 4 4 2 2
530 457 3 4 4 3 1
531 50 3 4 4 2 2
531 58 3 4 4 2 2
531 76 3 4 4 1 3
531 146 3 4 4 1 3
531 166 3 4 4 2 2
531 244 3 4 4 2 2
531 272 3 4 4 2 2
531 412 3 4 4 2 2
531 514 3 4 4 3 1
532 47 3 4 4 2 2
532 73 3 4 4 2 2
532 83 3 4 4 3 1
532 139 3 4 4 2 2
532 173 3 4 4 3 1
532 181 3 4 4 2 2
532 187 3 4 5 1 3
532 199 3 4 4 2 2
532 235 3 4 5 2 2
532 311 3 4 4 2 2
532 319 3 4 5 2 2
532 337 3 5 4 2 3
532 377 3 4 5 2 2
532 417 3 4 5 2 2
532 473 3 4 5 3 1
532 491 3 4 4 3 1
533 16 4 4 3 2 2
533 58 3 4 4 2 2
533 132 3 4 5 3 1
533 134 3 5 4 2 3
533 146 3 4 4 2 2
533 176 3 4 4 1 3
533 214 3 4 4 2 2
533 248 3 5 4 2 3
533 274 3 4 4 2 2
533 280 3 4 5 2 2
533 302 3 5 4 2 3
533 316 3 4 4 2 2
533 418 3 4 5 2 2
533 424 3 4 4 3 1
533 428 3 4 4 1 3
533 448 3 4 4 2 2
534 79 3 4 4 1 3
534 163 3 4 4 2 2
534 215 3 4 5 2 2
534 233 3 4 4 2 2
534 281 3 4 4 2 2
534 317 4 4 4 2 2
534 401 3 5 4 3 2
535 2 3 4 3 2 2
535 18 3 4 4 2 2
535 62 3 4 4 2 2
535 172 3 4 4 2 2
535 224 3 4 4 3 1
535 374 3 4 5 2 2
535 452 3 4 4 3 1
536 3 3 4 3 2 2
536 17 3 4 3 2 2
536 23 3 4 3 2 2
536 53 3 5 3 2 3
536 55 3 4 4 2 2
536 107 3 4 3 1 3
536 127 3 4 3 3 1
536 133 3 4 4 2 2
536 137 3 4 3 1 3
536 143 3 4 4 2 2
536 145 3 4 4 2 2
536 151 3 5 3 2 3
536 157 3 4 3 3 1
536 167 3 4 3 2 2
536 191 3 4 3 1 3
536 209 3 4 4 2 2
536 223 4 4 3 3 1
536 249 3 4 4 2 2
536 257 3 4 3 2 2
536 301 3 4 4 2 2
536 325 3 4 4 3 1
536 333 3 4 4 2 2
536 353 3 4 3 2 2
536 367 3 4 3 3 1
536 377 3 4 4 2 2
536 403 3 4 4 2 2
536 407 3 4 4 2 2
536 433 3 4 3 3 1
536 437 3 4 4 2 2
536 443 3 4 3 2 2
536 467 3 4 3 2 2
536 487 3 4 3 3 1
536 509 3 4 3 3 1
536 529 3 4 3 3 1
537 86 3 4 4 2 2
537 278 3 4 4 2 2
537 334 3 4 4 2 2
537 376 3 4 4 2 2
537 422 3 4 4 2 2
537 478 3 4 4 3 1
538 1 4 4 2 2 2
538 11 3 4 3 2 2
538 27 3 4 3 2 2
538 41 3 4 3 2 2
538 47 3 4 3 3 1
538 109 3 4 3 1 3
538 127 3 5 3 3 2
538 131 4 4 3 2 2
538 139 3 4 3 1 3
538 151 3 4 3 2 2
538 157 3 4 3 2 2
538 181 3 4 3 1 3
538 209 3 4 4 2 2
538 211 3 4 3 2 2
538 221 3 4 4 3 1
538 229 3 4 3 2 2
538 233 3 4 3 2 2
538 243 3 4 3 2 2
538 279 4 4 4 2 2
538 287 3 4 4 3 1
538 293 3 4 3 2 2
538 313 3 4 3 2 2
538 337 3 4 3 2 2
538 359 3 4 3 3 1
538 361 3 4 3 2 2
538 365 3 4 4 3 1
538 367 3 4 3 2 2
538 379 3 4 3 2 2
538 431 3 4 3 3 1
538 449 4 4 3 3 1
538 451 3 4 4 2 2
538 469 4 4 4 2 2
538 487 3 4 3 2 2
538 499 3 4 3 2 2
539 12 3 4 4 2 2
539 20 3 4 4 2 2
539 58 3 4 4 2 2
539 202 3 4 4 3 1
539 256 3 4 3 3 1
539 260 3 4 5 2 2
539 274 3 4 4 2 2
539 292 3 4 4 2 2
539 334 3 4 4 2 2
539 354 3 4 5 2 2
539 376 3 4 4 3 1
539 394 3 4 4 2 2
539 464 3 4 4 2 2
539 496 3 4 4 3 1
540 71 3 4 4 2 2
540 239 3 4 4 2 2
541 10 3 4 3 2 2
541 64 3 4 2 2 2
541 68 3 5 3 3 2
541 82 3 4 3 2 2
541 88 3 4 3 2 2
541 112 3 4 3 1 3
541 122 3 4 3 3 1
541 138 3 4 4 2 2
541 142 3 4 3 1 3
541 148 3 4 3 2 2
541 152 3 4 3 3 1
541 170 3 4 4 2 2
541 212 3 4 3 2 2
541 222 3 4 4 2 2
541 226 3 5 3 2 3
541 236 3 5 3 3 2
541 238 3 4 4 2 2
541 262 3 4 3 2 2
541 278 3 4 3 3 1
541 286 3 4 4 1 3
541 292 3 4 3 2 2
541 294 3 4 4 2 2
541 306 3 4 4 2 2
541 328 3 4 3 2 2
541 332 3 4 3 2 2
541 338 3 4 3 2 2
541 352 4 4 3 2 2
541 358 3 4 3 2 2
541 362 3 4 3 3 1
541 376 3 5 3 2 3
541 408 3 4 4 2 2
541 428 3 4 3 3 1
541 448 3 4 3 2 2
541 454 4 4 3 2 2
541 482 4 4 3 3 1
541 502 3 4 3 2 2
542 7 3 4 3 2 2
542 9 3 4 3 2 2
542 11 3 4 3 2 2
542 19 3 4 3 3 1
542 41 3 4 3 2 2
542 59 4 4 3 1 3
542 91 3 4 4 2 2
542 95 3 4 4 2 2
542 107 3 5 3 2 3
542 137 3 4 3 2 2
542 161 3 4 4 2 2
542 163 3 4 3 3 1
542 179 3 4 3 2 2
542 199 3 4 3 3 1
542 241 3 4 3 2 2
542 247 3 4 4 2 2
542 253 3 4 4 3 1
542 263 3 5 3 3 2
542 269 3 4 3 1 3
542 289 3 4 3 2 2
542 311 3 4 3 1 3
542 319 3 4 4 3 1
542 327 3 4 4 2 2
542 329 4 4 4 2 2
542 337 3 4 3 2 2
542 359 3 4 3 2 2
542 361 3 4 3 3 1
542 371 3 4 4 2 2
542 381 3 4 4 2 2
542 383 3 4 3 2 2
542 401 3 4 3 2 2
542 409 4 4 3 2 2
542 443 3 4 3 2 2
542 451 3 4 4 2 2
542 459 3 4 4 3 1
542 485 3 4 4 2 2
542 529 3 4 3 3 1
543 38 3 4 4 2 2
543 106 4 4 4 2 2
543 128 3 4 3 2 2
543 136 3 4 4 2 2
543 158 3 4 4 1 3
543 178 3 4 4 2 2
543 224 3 4 4 2 2
543 502 3 4 4 3 1
544 29 3 4 3 2 2
544 37 3 4 3 2 2
544 49 3 4 3 1 3
544 67 3 4 3 2 2
544 107 3 5 3 3 2
544 127 3 4 3 2 2
544 137 3 4 3 2 2
544 163 3 4 3 2 2
544 193 3 4 3 2 2
544 223 3 4 3 2 2
544 229 3 4 3 1 3
544 251 3 4 3 3 1
544 257 3 4 3 2 2
544 307 3 4 3 2 2
544 311 3 4 3 3 1
544 317 3 4 3 3 1
544 327 3 4 4 2 2
544 341 3 5 4 3 2
544 353 3 4 3 3 1
544 413 3 4 4 3 1
544 443 3 4 3 3 1
544 461 3 4 3 3 1
544 467 3 4 3 2 2
544 491 3 4 3 3 1
544 523 3 4 3 2 2
545 14 3 4 4 2 2
545 38 3 4 4 2 2
545 44 3 4 4 2 2
545 188 3 4 4 1 3
545 344 3 4 4 2 2
545 356 3 4 4 2 2
545 398 3 4 4 2 2
547 14 3 5 3 3 2
547 34 3 4 3 2 2
547 48 3 4 3 3 1
547 76 3 4 3 2 2
547 122 3 4 3 2 2
547 124 3 4 3 2 2
547 134 3 4 3 2 2
547 148 3 5 3 2 3
547 184 3 4 3 2 2
547 242 3 4 3 2 2
547 244 3 4 3 2 2
547 286 3 4 4 2 2
547 338 3 5 3 3 2
547 344 3 4 3 2 2
547 346 3 4 3 2 2
547 356 3 4 3 3 1
547 382 3 4 3 1 3
547 386 3 4 3 2 2
547 388 3 5 3 3 2
547 404 3 4 3 2 2
547 448 3 4 3 2 2
547 454 4 5 3 3 2
547 476 3 4 4 3 1
547 488 3 4 3 3 1
547 496 3 4 3 2 2
547 512 3 4 2 2 2
547 526 3 4 3 2 2
547 532 3 4 4 2 2
548 11 3 4 3 2 2
548 23 3 4 3 1 3
548 31 3 4 3 2 2
548 75 3 4 4 2 2
548 79 3 5 3 3 2
548 101 4 4 3 2 2
548 119 3 5 4 2 3
548 123 3 4 4 2 2
548 133 3 4 4 2 2
548 149 3 5 3 2 3
548 191 3 4 3 1 3
548 211 3 4 3 3 1
548 217 3 4 4 3 1
548 263 3 4 3 1 3
548 269 3 4 3 2 2
548 271 3 4 3 3 1
548 275 3 4 4 1 3
548 283 3 4 3 2 2
548 289 3 4 3 2 2
548 299 3 4 4 2 2
548 301 3 4 4 2 2
548 341 4 4 4 2 2
548 355 3 4 4 3 1
548 361 3 4 3 2 2
548 387 3 5 4 3 2
548 409 3 4 3 3 1
548 421 3 4 3 3 1
548 439 4 4 3 3 1
548 457 3 5 3 3 2
548 479 3 4 3 2 2
548 509 3 4 3 2 2
548 523 3 4 3 3 1
549 154 3 4 5 2 2
549 158 3 4 4 2 2
549 172 3 4 4 2 2
549 302 3 4 4 2 2
549 430 3 4 5 2 2
549 466 3 4 4 3 1
549 496 3 4 4 3 1
550 17 3 4 4 2 2
550 163 3 4 4 2 2
550 227 3 5 4 3 2
550 229 3 4 4 2 2
551 2 3 4 3 2 2
551 40 3 4 4 2 2
551 78 3 4 5 2 2
551 98 3 4 4 2 2
551 100 3 5 4 3 2
551 112 3 4 4 3 1
551 138 3 4 5 2 2
551 142 4 4 4 3 1
551 144 3 4 4 2 2
551 208 3 4 4 3 1
551 242 3 4 4 2 2
551 244 3 4 4 3 1
551 248 4 4 4 2 2
551 278 3 4 4 1 3
551 298 3 4 4 2 2
551 338 3 4 4 2 2
551 346 3 5 4 3 2
551 350 3 4 5 2 2
551 352 3 4 4 3 1
551 404 3 4 4 2 2
551 408 3 4 5 2 2
551 428 3 4 4 2 2
551 436 3 5 4 3 2
552 1 3 4 3 2 2
552 167 3 4 4 1 3
552 211 3 4 4 2 2
552 251 3 4 4 2 2
552 347 3 4 4 2 2
552 349 3 4 4 2 2
552 407 3 4 5 2 2
552 449 3 4 4 3 1
553 36 3 4 4 2 2
553 74 3 4 4 3 1
553 76 3 4 4 2 2
553 82 3 4 4 2 2
553 136 3 4 4 2 2
553 160 3 4 4 2 2
553 172 3 4 4 2 2
553 206 3 4 4 3 1
553 226 3 4 4 2 2
553 230 3 4 5 2 2
553 344 3 5 4 3 2
553 382 3 5 4 3 2
553 404 3 4 4 3 1
553 410 3 4 5 2 2
553 412 3 4 4 2 2
553 542 3 4 4 3 1
554 7 3 4 3 3 1
554 27 3 4 3 2 2
554 31 3 4 3 3 1
554 43 3 4 3 2 2
554 57 4 4 4 2 2
554 73 3 5 3 3 2
554 79 3 4 3 2 2
554 103 3 4 3 2 2
554 113 3 4 3 2 2
554 117 3 4 4 2 2
554 131 3 4 3 2 2
554 139 3 5 3 3 2
554 143 3 4 4 2 2
554 167 3 4 3 2 2
554 177 3 4 4 2 2
554 181 4 4 3 3 1
554 183 3 4 4 2 2
554 187 3 4 4 3 1
554 209 3 5 4 2 3
554 227 3 4 3 2 2
554 235 3 4 4 2 2
554 253 3 4 4 2 2
554 299 3 4 4 1 3
554 317 3 4 3 2 2
554 323 3 4 4 1 3
554 337 3 4 3 2 2
554 339 3 4 4 2 2
554 389 3 5 3 2 3
554 391 3 4 4 3 1
554 419 3 4 3 2 2
554 431 3 4 3 2 2
554 433 3 4 3 3 1
554 463 3 4 3 2 2
554 499 3 4 3 2 2
554 517 3 4 4 3 1
554 519 3 4 4 2 2
554 521 3 4 3 2 2
556 3 3 4 3 2 2
556 31 3 4 3 1 3
556 53 3 4 3 3 1
556 67 3 4 3 2 2
556 73 3 5 3 2 3
556 107 3 4 3 3 1
556 115 3 4 4 2 2
556 121 3 4 3 1 3
556 133 3 4 4 2 2
556 143 3 4 4 2 2
556 157 3 5 3 2 3
556 193 3 4 3 2 2
556 203 3 4 4 3 1
556 223 3 4 3 2 2
556 227 3 4 3 2 2
556 247 3 4 4 2 2
556 263 3 4 3 3 1
556 277 3 4 3 2 2
556 289 3 4 3 2 2
556 301 3 4 4 1 3
556 337 3 4 3 2 2
556 339 3 4 4 2 2
556 343 3 4 3 2 2
556 353 3 4 3 2 2
556 367 3 4 3 2 2
556 371 3 4 4 2 2
556 379 3 5 3 3 2
556 401 3 5 3 3 2
556 409 3 4 3 2 2
556 413 3 5 4 3 2
556 433 3 4 3 2 2
556 437 3 4 4 2 2
556 439 3 4 3 2 2
556 479 3 5 3 3 2
556 487 3 4 3 2 2
556 509 3 4 3 3 1
556 549 3 4 4 3 1
557 52 3 5 3 3 2
557 62 3 4 3 1 3
557 72 3 4 3 2 2
557 74 3 4 3 1 3
557 88 3 5 3 3 2
557 94 3 4 3 3 1
557 106 3 5 3 3 2
557 136 3 4 3 3 1
557 146 3 4 3 2 2
557 154 3 4 4 2 2
557 166 3 4 3 2 2
557 188 3 4 3 2 2
557 218 3 4 3 2 2
557 224 3 4 3 2 2
557 234 3 4 4 2 2
557 256 3 4 2 2 2
557 284 3 4 3 1 3
557 304 3 5 3 3 2
557 322 3 4 4 2 2
557 346 3 4 3 3 1
557 356 4 4 3 2 2
557 358 3 4 3 3 1
557 374 3 4 4 2 2
557 386 3 4 3 2 2
557 392 3 5 3 2 3
557 400 3 4 3 3 1
557 424 3 4 3 2 2
557 458 3 5 3 3 2
557 466 3 5 3 3 2
557 478 3 4 3 3 1
557 522 3 4 4 2 2
557 524 3 4 3 2 2
558 121 3 4 4 2 2
558 131 3 4 4 2 2
558 167 3 4 4 2 2
558 233 3 4 4 2 2
558 311 3 4 4 2 2
558 343 3 4 4 2 2
559 8 3 4 3 2 2
559 22 3 4 4 2 2
559 76 3 5 4 2 3
559 94 3 4 4 1 3
559 108 3 4 4 2 2
559 122 3 4 4 2 2
559 136 3 4 4 2 2
559 152 3 4 4 2 2
559 178 3 4 4 2 2
559 218 3 5 4 3 2
559 232 3 4 4 2 2
559 246 3 4 5 3 1
559 272 3 4 4 2 2
559 310 3 4 5 2 2
559 328 3 4 4 1 3
559 340 3 4 5 2 2
559 398 3 5 4 3 2
559 448 3 4 4 2 2
559 484 3 4 4 2 2
559 508 3 4 4 2 2
560 1 3 5 3 3 2
560 79 3 4 4 2 2
560 137 3 4 4 2 2
560 157 3 4 4 2 2
560 307 3 4 4 2 2
560 353 3 4 4 2 2
560 463 3 4 4 3 1
561 28 3 4 5 2 2
561 344 3 4 5 2 2
562 1 3 4 2 1 3
562 11 3 4 3 2 2
562 13 3 4 3 2 2
562 47 3 5 3 3 2
562 67 3 5 3 2 3
562 79 3 4 3 1 3
562 89 4 5 3 3 2
562 93 3 4 4 2 2
562 101 3 4 3 3 1
562 143 3 4 4 3 1
562 149 4 4 3 2 2
562 151 3 4 3 2 2
562 153 3 4 4 3 1
562 179 3 4 3 3 1
562 191 3 4 3 2 2
562 193 3 4 3 2 2
562 217 3 5 4 2 3
562 223 3 4 3 2 2
562 229 3 4 3 2 2
562 239 3 4 3 2 2
562 271 4 4 3 2 2
562 327 3 4 4 2 2
562 343 3 4 3 2 2
562 353 3 5 3 3 2
562 361 4 4 3 2 2
562 387 3 4 4 2 2
562 395 3 4 4 3 1
562 401 3 4 3 2 2
562 419 3 4 3 2 2
562 439 3 5 3 3 2
562 453 3 4 4 3 1
562 483 3 4 5 3 1
562 497 3 4 4 2 2
562 509 4 4 3 3 1
562 511 3 4 4 2 2
562 523 3 5 3 3 2
562 551 3 4 4 3 1
563 26 4 4 3 2 2
563 32 3 5 2 3 2
563 46 3 5 3 3 2
563 58 3 4 3 2 2
563 64 3 4 2 3 1
563 86 3 4 3 2 2
563 94 3 4 3 2 2
563 136 3 4 3 2 2
563 164 3 4 3 1 3
563 196 4 4 3 3 1
563 202 3 4 3 3 1
563 212 3 4 3 2 2
563 214 3 4 3 3 1
563 228 3 4 4 2 2
563 236 3 4 3 2 2
563 244 3 4 3 2 2
563 248 3 4 3 1 3
563 254 3 4 3 2 2
563 256 3 4 2 3 1
563 304 3 4 3 2 2
563 332 3 5 3 2 3
563 334 3 4 3 3 1
563 354 3 4 4 2 2
563 358 3 4 3 2 2
563 376 3 4 3 2 2
563 382 3 4 3 3 1
563 386 3 4 3 2 2
563 406 3 4 4 3 1
563 416 3 4 3 2 2
563 418 3 4 4 2 2
563 422 3 4 3 2 2
563 444 3 4 4 2 2
563 494 4 4 4 2 2
563 550 3 4 4 3 1
564 157 3 4 4 2 2
564 199 3 4 4 2 2
564 311 3 4 4 2 2
564 379 3 4 4 2 2
564 409 3 4 4 2 2
564 437 4 4 5 3 1
564 521 3 4 4 3 1
565 14 3 4 4 2 2
565 152 3 4 4 2 2
565 208 3 4 4 1 3
565 212 3 4 4 3 1
565 238 3 4 5 2 2
565 356 3 4 4 2 2
565 424 3 4 4 2 2
565 458 3 4 4 3 1
565 472 3 4 4 2 2
566 17 3 4 3 2 2
566 23 3 4 3 2 2
566 31 3 4 3 2 2
566 43 3 4 3 3 1
566 61 3 5 3 3 2
566 69 3 4 4 2 2
566 73 3 4 3 2 2
566 97 3 5 3 3 2
566 113 3 4 3 2 2
566 121 3 4 3 2 2
566 127 3 4 3 3 1
566 139 4 5 3 3 2
566 167 3 4 3 1 3
566 179 3 4 3 2 2
566 193 3 4 3 3 1
566 197 3 4 3 2 2
566 241 3 4 3 2 2
566 247 3 4 4 2 2
566 251 3 5 3 2 3
566 267 4 4 4 2 2
566 269 3 4 3 2 2
566 293 3 4 3 1 3
566 307 3 4 3 2 2
566 313 3 4 3 2 2
566 337 3 4 3 3 1
566 347 3 4 3 2 2
566 371 3 4 4 1 3
566 377 3 4 4 2 2
566 383 3 4 3 2 2
566 407 3 4 4 2 2
566 413 3 4 4 2 2
566 423 3 4 4 2 2
566 433 3 4 3 2 2
566 437 3 4 4 2 2
566 457 3 4 3 3 1
566 529 3 4 3 3 1
566 545 3 4 4 2 2
566 547 4 4 3 3 1
567 16 3 4 3 2 2
567 226 3 4 4 2 2
567 248 3 4 4 2 2
567 268 3 4 4 2 2
567 368 3 4 4 3 1
568 41 3 5 3 3 2
568 59 4 4 3 3 1
568 113 3 5 3 2 3
568 125 3 4 3 3 1
568 177 3 4 4 2 2
568 181 4 4 3 2 2
568 209 3 4 4 3 1
568 211 3 5 3 2 3
568 227 3 5 3 3 2
568 233 3 4 3 2 2
568 239 3 4 3 2 2
568 249 3 4 4 2 2
568 267 3 4 4 2 2
568 269 3 4 3 2 2
568 329 4 4 4 3 1
568 331 4 4 3 2 2
568 349 3 4 3 2 2
568 359 3 4 3 2 2
568 397 4 4 3 2 2
568 401 3 4 3 3 1
568 407 3 5 4 3 2
568 419 3 4 3 3 1
568 421 3 4 3 2 2
568 449 3 4 3 2 2
568 475 3 4 4 2 2
568 499 3 4 3 2 2
568 505 3 4 4 2 2
568 511 3 4 4 2 2
568 533 3 4 4 2 2
569 4 3 4 2 2 2
569 42 3 4 4 2 2
569 80 3 4 3 2 2
569 82 3 4 3 3 1
569 98 3 4 3 2 2
569 100 3 4 3 2 2
569 128 3 4 2 2 2
569 152 3 4 3 2 2
569 172 3 4 3 3 1
569 198 3 4 4 2 2
569 206 3 4 3 2 2
569 208 3 4 3 3 1
569 212 3 5 3 2 3
569 236 3 5 3 3 2
569 248 3 4 3 2 2
569 268 3 4 3 2 2
569 274 3 4 3 2 2
569 286 3 4 4 3 1
569 302 3 4 3 2 2
569 314 3 4 3 1 3
569 322 3 4 4 2 2
569 332 4 4 3 2 2
569 338 3 4 3 1 3
569 348 3 4 4 2 2
569 362 3 4 3 2 2
569 366 3 5 4 3 2
569 388 3 4 3 3 1
569 406 3 4 4 3 1
569 418 3 4 4 3 1
569 478 4 4 3 2 2
569 496 3 4 3 3 1
569 512 4 4 2 2 2
569 544 3 4 3 3 1
570 53 3 4 5 2 2
570 101 3 4 5 2 2
571 12 3 4 3 2 2
571 14 3 4 3 3 1
571 18 3 4 3 2 2
571 52 3 4 3 2 2
571 88 3 4 3 1 3
571 92 3 4 3 3 1
571 96 4 4 3 2 2
571 122 3 4 3 3 1
571 124 3 4 3 2 2
571 142 3 5 3 2 3
571 164 3 5 3 3 2
571 166 3 4 3 2 2
571 170 3 4 4 3 1
571 178 3 4 3 2 2
571 200 3 4 3 2 2
571 208 3 4 3 2 2
571 232 4 4 3 2 2
571 242 4 4 3 2 2
571 244 3 4 3 2 2
571 262 3 4 3 2 2
571 298 3 5 3 2 3
571 318 3 4 4 2 2
571 340 3 4 4 1 3
571 346 3 4 3 2 2
571 356 3 4 3 2 2
571 362 3 4 3 2 2
571 368 4 4 3 2 2
571 398 4 4 3 3 1
571 424 3 4 3 2 2
571 436 3 4 3 2 2
571 452 3 5 3 3 2
571 466 3 5 3 2 3
571 472 3 4 3 2 2
571 486 3 4 3 2 2
571 502 3 4 3 2 2
571 508 3 4 3 2 2
571 542 3 4 3 3 1
572 19 3 4 4 2 2
572 61 3 4 4 2 2
572 131 3 4 4 2 2
572 159 3 4 5 2 2
572 181 3 4 4 2 2
572 223 3 4 4 3 1
572 313 3 5 4 3 2
572 331 3 4 4 3 1
572 359 3 4 4 2 2
572 367 3 4 4 2 2
572 397 3 5 4 3 2
572 401 3 4 4 2 2
572 415 3 4 5 3 1
572 431 3 4 4 2 2
572 509 3 4 4 2 2
573 122 3 4 4 2 2
573 142 3 4 4 3 1
573 148 3 4 4 2 2
573 278 3 4 4 2 2
573 320 3 4 4 2 2
573 326 3 4 4 2 2
573 386 3 4 4 2 2
573 442 3 4 5 3 1
573 454 3 4 4 2 2
573 512 3 4 3 3 1
574 23 3 4 4 2 2
574 101 4 4 4 2 2
574 137 3 4 4 2 2
574 185 3 4 5 3 1
574 197 3 4 4 2 2
574 271 3 4 4 2 2
574 275 3 4 5 2 2
574 277 3 4 4 2 2
574 323 3 4 5 3 1
574 341 3 4 5 3 1
574 353 3 4 4 2 2
574 361 3 5 4 3 2
574 419 3 4 4 2 2
574 421 3 4 4 2 2
574 509 3 4 4 2 2
574 521 3 4 4 3 1
575 76 3 4 4 3 1
575 148 3 4 4 2 2
575 176 3 4 4 1 3
575 314 3 4 4 2 2
575 328 3 5 4 3 2
575 498 3 4 5 2 2
575 524 3 4 4 2 2
576 19 3 4 3 3 1
576 59 4 4 3 2 2
576 149 3 4 3 2 2
576 161 3 4 4 2 2
576 229 3 4 3 3 1
576 271 3 4 3 2 2
576 367 3 4 3 2 2
576 373 3 4 3 2 2
576 461 3 4 3 2 2
577 4 3 4 2 2 2
577 16 3 4 2 1 3
577 34 3 4 3 2 2
577 38 3 5 3 3 2
577 46 3 4 3 2 2
577 58 3 4 3 2 2
577 74 3 4 3 3 1
577 94 3 5 3 2 3
577 116 3 4 3 3 1
577 138 3 4 4 3 1
577 140 3 4 4 2 2
577 142 3 4 3 1 3
577 164 3 5 3 3 2
577 186 3 4 4 2 2
577 206 3 4 3 2 2
577 254 3 4 3 2 2
577 268 3 4 3 2 2
577 272 3 4 3 2 2
577 274 3 4 3 2 2
577 284 3 4 3 3 1
577 302 3 4 3 2 2
577 304 3 4 3 1 3
577 312 3 4 4 2 2
577 316 3 4 3 2 2
577 324 3 4 3 2 2
577 326 4 4 3 3 1
577 356 3 4 3 2 2
577 402 3 4 4 2 2
577 424 3 5 3 3 2
577 428 3 4 3 3 1
577 430 3 4 4 2 2
577 434 3 4 4 2 2
577 446 3 4 3 3 1
577 472 3 4 3 1 3
577 494 3 4 4 3 1
577 544 3 4 3 2 2
577 554 3 4 3 3 1
578 5 3 4 3 2 2
578 31 3 4 3 3 1
578 49 3 4 3 3 1
578 59 3 4 3 2 2
578 61 3 4 3 2 2
578 87 3 4 4 3 1
578 89 3 4 3 2 2
578 101 3 4 3 2 2
578 179 3 4 3 1 3
578 199 3 4 3 3 1
578 203 3 4 4 2 2
578 217 3 4 4 3 1
578 241 3 4 3 3 1
578 269 3 4 3 2 2
578 291 3 4 4 2 2
578 319 3 5 4 3 2
578 343 3 4 3 2 2
578 361 3 4 3 2 2
578 373 3 4 3 2 2
578 379 3 4 3 3 1
578 397 3 4 3 3 1
578 401 3 4 3 2 2
578 409 3 4 3 3 1
578 433 3 4 3 2 2
578 517 3 4 4 3 1
578 521 3 4 3 2 2
578 563 3 4 3 2 2
579 4 4 4 3 2 2
579 86 3 5 4 3 2
579 106 3 4 4 2 2
579 128 3 4 3 2 2
579 134 3 4 4 2 2
579 152 4 4 4 2 2
579 188 3 4 4 2 2
579 226 3 4 4 3 1
579 238 3 4 5 2 2
579 292 3 4 4 2 2
579 394 3 4 4 2 2
579 446 3 4 4 2 2
579 488 3 4 4 2 2
579 502 3 4 4 2 2
580 1 3 4 3 2 2
580 43 3 4 4 2 2
580 53 3 4 4 2 2
580 69 3 4 5 2 2
580 127 3 4 4 2 2
580 181 3 4 4 1 3
580 257 3 4 4 2 2
580 281 3 5 4 3 2
581 2 3 4 3 2 2
581 8 3 4 3 2 2
581 22 4 4 4 2 2
581 46 4 5 4 3 2
581 48 3 4 4 2 2
581 82 3 4 4 3 1
581 104 3 4 4 2 2
581 108 3 4 4 2 2
581 124 3 4 4 3 1
581 136 3 4 4 2 2
581 152 3 4 4 1 3
581 186 3 4 5 2 2
581 212 3 4 4 2 2
581 214 3 4 4 3 1
581 254 3 4 4 2 2
581 262 3 4 4 2 2
581 284 3 4 4 2 2
581 328 3 4 4 2 2
581 362 4 4 4 2 2
581 388 3 4 4 3 1
581 398 3 4 4 2 2
581 422 3 4 4 2 2
581 436 3 4 4 2 2
581 514 3 4 4 3 1
581 526 3 4 4 2 2
581 566 3 4 4 2 2
582 1 3 4 3 2 2
582 23 3 4 4 2 2
582 29 3 4 4 2 2
582 67 3 4 4 2 2
582 89 3 4 4 2 2
582 131 3 4 4 2 2
582 197 3 5 4 2 3
582 323 3 4 5 2 2
582 353 3 4 4 3 1
582 419 3 4 4 3 1
582 421 3 4 4 2 2
582 491 3 4 4 2 2
582 523 3 4 4 3 1
583 46 3 4 4 2 2
583 62 3 4 4 3 1
583 114 4 4 5 2 2
583 122 3 4 4 3 1
583 124 3 4 4 2 2
583 166 3 4 4 2 2
583 172 3 4 4 2 2
583 184 3 5 4 2 3
583 192 3 4 4 2 2
583 196 3 4 4 2 2
583 206 3 4 4 2 2
583 218 3 4 4 2 2
583 236 3 4 4 3 1
583 254 3 4 4 2 2
583 284 3 4 4 2 2
583 292 3 4 4 2 2
583 296 3 4 4 2 2
583 316 3 4 4 2 2
583 322 3 4 5 2 2
583 366 3 4 5 2 2
583 376 3 4 4 2 2
583 406 3 4 5 2 2
583 428 3 4 4 2 2
583 432 3 4 4 3 1
583 452 3 4 4 3 1
583 464 3 4 4 2 2
583 490 3 4 5 2 2
583 496 4 4 4 2 2
583 538 3 4 4 2 2
583 544 3 4 4 2 2
584 19 3 4 3 2 2
584 23 3 4 3 1 3
584 53 3 4 3 2 2
584 83 4 4 3 2 2
584 103 3 4 3 2 2
584 109 3 5 3 3 2
584 129 3 5 4 2 3
584 133 3 4 4 2 2
584 137 3 4 3 2 2
584 193 3 5 3 3 2
584 197 4 4 3 2 2
584 211 3 4 3 3 1
584 233 3 4 3 2 2
584 239 3 4 3 1 3
584 263 3 4 3 2 2
584 265 3 4 4 2 2
584 285 3 4 5 2 2
584 313 3 4 3 3 1
584 317 3 4 3 2 2
584 347 4 4 3 2 2
584 359 3 4 3 2 2
584 367 4 4 3 2 2
584 373 3 4 3 3 1
584 381 3 4 4 2 2
584 385 3 4 5 3 1
584 401 3 4 3 2 2
584 417 3 4 4 3 1
584 443 3 4 3 2 2
584 469 3 4 4 2 2
584 473 3 4 4 2 2
584 487 3 4 3 3 1
584 493 3 4 4 2 2
584 497 3 4 4 2 2
584 515 3 4 4 2 2
584 529 3 5 3 3 2
584 551 3 4 4 2 2
586 3 3 4 3 2 2
586 19 3 4 3 2 2
586 37 3 4 3 2 2
586 43 3 4 3 2 2
586 47 3 4 3 2 2
586 53 3 4 3 2 2
586 77 3 4 4 3 1
586 93 3 4 4 2 2
586 101 3 4 3 2 2
586 103 3 5 3 2 3
586 117 3 4 4 2 2
586 127 3 4 3 2 2
586 149 3 5 3 3 2
586 151 3 5 3 2 3
586 163 3 4 3 2 2
586 173 3 5 3 3 2
586 187 3 4 4 1 3
586 217 3 4 4 2 2
586 247 3 4 4 2 2
586 257 3 4 3 2 2
586 263 3 4 3 2 2
586 281 3 4 3 2 2
586 287 3 4 4 2 2
586 307 3 4 3 2 2
586 313 3 5 3 2 3
586 317 3 4 3 3 1
586 355 3 4 4 1 3
586 359 3 4 3 3 1
586 369 3 4 4 2 2
586 391 3 4 4 1 3
586 421 3 5 3 2 3
586 437 3 4 4 3 1
586 443 3 4 3 2 2
586 457 4 4 3 2 2
586 493 3 4 4 2 2
586 529 3 4 3 2 2
586 541 3 4 3 2 2
586 551 3 4 4 2 2
587 26 3 4 3 1 3
587 32 3 4 2 1 3
587 36 4 4 3 2 2
587 64 3 4 2 3 1
587 70 3 4 4 2 2
587 76 3 5 3 3 2
587 94 3 4 3 2 2
587 104 4 4 3 1 3
587 134 3 4 3 2 2
587 154 3 4 4 3 1
587 172 3 5 3 3 2
587 192 3 4 3 2 2
587 206 4 4 3 2 2
587 264 3 4 4 2 2
587 274 3 4 3 3 1
587 284 3 4 3 2 2
587 286 3 4 4 2 2
587 314 3 5 3 2 3
587 316 3 4 3 3 1
587 322 3 4 4 2 2
587 326 3 4 3 2 2
587 334 3 4 3 2 2
587 338 3 4 3 2 2
587 348 3 4 4 3 1
587 400 3 5 3 3 2
587 414 3 4 4 3 1
587 416 3 4 3 2 2
587 436 3 4 3 3 1
587 454 3 4 3 2 2
587 478 3 4 3 3 1
587 484 3 4 3 3 1
587 496 3 4 3 2 2
587 498 3 4 4 3 1
587 512 3 4 2 2 2
587 544 3 4 3 3 1
587 548 3 4 3 2 2
587 554 3 4 3 2 2
588 61 3 4 4 2 2
588 107 3 4 4 2 2
588 115 3 4 5 2 2
588 193 3 4 4 2 2
588 211 3 4 4 2 2
588 283 3 4 4 2 2
588 401 3 4 4 2 2
588 457 3 4 4 3 1
589 8 3 4 3 2 2
589 28 3 4 4 1 3
589 74 3 5 4 3 2
589 78 3 4 5 2 2
589 92 4 4 4 2 2
589 108 3 4 4 2 2
589 166 3 4 4 2 2
589 176 3 5 4 3 2
589 182 3 4 5 2 2
589 188 3 4 4 3 1
589 202 3 4 4 2 2
589 212 3 4 4 2 2
589 214 3 4 4 2 2
589 262 3 4 4 2 2
589 308 3 4 5 3 1
589 316 3 5 4 2 3
589 358 3 4 4 1 3
589 384 3 4 4 2 2
589 398 4 4 4 3 1
589 414 3 4 5 2 2
589 428 3 4 4 2 2
589 436 3 4 4 2 2
589 448 3 4 4 2 2
589 478 3 4 4 2 2
589 512 3 4 3 2 2
589 538 3 4 4 2 2
589 542 3 4 4 3 1
589 568 3 4 4 2 2
590 37 3 5 4 3 2
590 77 3 4 5 2 2
590 79 3 4 4 2 2
590 103 3 4 4 3 1
590 173 3 4 4 2 2
590 261 3 4 5 2 2
590 303 3 4 5 2 2
590 337 3 4 4 2 2
590 373 3 4 4 2 2
590 389 3 4 4 2 2
590 467 3 4 4 2 2
591 4 3 4 3 3 1
591 74 3 5 4 3 2
591 122 3 4 4 2 2
591 154 3 4 5 2 2
591 188 3 4 4 2 2
591 256 3 4 3 2 2
591 332 3 4 4 2 2
591 514 3 5 4 3 2
592 43 3 4 3 2 2
592 59 3 5 3 3 2
592 71 3 4 3 3 1
592 101 3 4 3 3 1
592 107 3 4 3 2 2
592 121 4 4 3 2 2
592 139 3 4 3 2 2
592 149 3 4 3 3 1
592 173 3 4 3 3 1
592 175 3 4 4 2 2
592 179 3 4 3 2 2
592 199 4 4 3 2 2
592 207 3 5 4 2 3
592 211 3 4 3 2 2
592 233 3 4 3 3 1
592 241 3 4 3 2 2
592 251 3 4 3 2 2
592 269 3 5 3 3 2
592 277 3 5 3 2 3
592 301 3 4 4 2 2
592 311 3 4 3 3 1
592 347 3 4 3 2 2
592 371 3 4 4 2 2
592 431 3 5 3 3 2
592 449 3 4 3 2 2
592 451 3 4 4 2 2
592 503 3 4 3 3 1
592 521 3 4 3 3 1
592 529 3 4 3 2 2
592 535 3 4 4 2 2
592 539 3 4 4 3 1
592 581 4 4 4 3 1
593 4 3 4 2 2 2
593 18 3 4 3 2 2
593 34 3 5 3 3 2
593 38 3 4 3 1 3
593 40 3 4 3 2 2
593 76 3 4 3 2 2
593 118 3 4 3 2 2
593 124 3 4 3 2 2
593 142 3 5 3 3 2
593 156 3 4 4 2 2
593 166 3 5 3 3 2
593 170 3 4 4 2 2
593 194 4 4 3 1 3
593 206 3 4 3 2 2
593 212 3 5 3 3 2
593 226 3 4 3 3 1
593 236 3 4 3 1 3
593 248 3 4 3 1 3
593 272 3 4 3 2 2
593 274 3 4 3 2 2
593 298 3 4 3 2 2
593 308 3 5 4 2 3
593 332 3 4 3 2 2
593 352 3 4 3 3 1
593 356 3 4 3 2 2
593 362 3 5 3 2 3
593 364 3 4 4 3 1
593 376 4 5 3 3 2
593 406 3 4 4 2 2
593 430 3 4 4 3 1
593 434 3 4 4 2 2
593 450 3 4 4 2 2
593 464 3 4 3 2 2
593 482 3 4 3 2 2
593 506 3 4 4 2 2
593 512 3 4 2 3 1
594 139 3 4 4 1 3
594 271 3 4 4 2 2
594 461 3 4 4 2 2
595 296 3 4 5 2 2
596 7 3 4 3 2 2
596 13 4 5 3 3 2
596 55 3 4 4 3 1
596 61 3 4 3 2 2
596 89 3 4 3 2 2
596 107 3 4 3 2 2
596 127 4 4 3 2 2
596 163 3 4 3 3 1
596 167 3 5 3 2 3
596 183 3 4 4 2 2
596 185 3 4 4 2 2
596 193 3 4 3 2 2
596 203 3 4 4 2 2
596 211 3 5 3 2 3
596 239 3 5 3 2 3
596 251 3 5 3 2 3
596 273 3 4 5 2 2
596 293 3 4 3 2 2
596 307 3 4 3 3 1
596 309 3 4 4 2 2
596 335 3 4 4 2 2
596 337 4 4 3 2 2
596 383 3 4 3 2 2
596 393 3 4 4 2 2
596 405 3 4 4 3 1
596 439 3 4 3 3 1
596 463 3 4 3 2 2
596 511 3 4 4 2 2
596 517 4 4 4 3 1
596 531 3 4 4 2 2
596 577 3 4 3 3 1
596 581 3 4 4 2 2
597 8 3 4 3 2 2
597 14 3 4 4 2 2
597 184 3 4 4 2 2
597 278 3 4 4 2 2
597 376 3 4 4 2 2
597 382 3 4 4 2 2
597 502 3 4 4 2 2
598 11 3 4 4 3 1
598 29 3 4 4 3 1
598 59 3 4 4 2 2
598 71 4 4 4 2 2
598 73 3 5 4 2 3
598 81 3 4 4 2 2
598 133 3 5 5 2 3
598 181 3 4 4 2 2
598 191 3 4 4 2 2
598 199 3 4 4 1 3
598 269 3 4 4 2 2
598 277 3 4 4 2 2
598 295 3 4 5 2 2
598 301 3 4 5 2 2
598 311 3 4 4 2 2
598 359 3 4 4 3 1
598 361 3 4 4 2 2
598 371 3 4 5 3 1
598 381 3 4 5 2 2
598 409 3 4 4 2 2
598 479 3 4 4 2 2
598 503 3 4 4 2 2
598 521 3 4 4 2 2
599 38 3 5 3 2 3
599 50 3 4 3 2 2
599 52 3 4 3 3 1
599 86 3 4 3 2 2
599 106 3 5 3 3 2
599 118 3 4 3 2 2
599 122 3 4 3 2 2
599 148 3 4 3 2 2
599 172 3 4 3 2 2
599 178 3 4 3 3 1
599 182 3 4 4 2 2
599 184 3 4 3 2 2
599 186 3 4 4 2 2
599 208 3 4 3 2 2
599 226 3 4 3 3 1
599 242 3 4 3 1 3
599 254 3 4 3 1 3
599 256 3 4 2 3 1
599 262 3 4 3 3 1
599 272 3 4 3 2 2
599 294 3 4 4 2 2
599 304 3 5 3 3 2
599 332 3 4 3 2 2
599 352 3 4 3 2 2
599 358 3 4 3 3 1
599 368 3 4 3 1 3
599 382 3 4 3 2 2
599 390 3 4 5 2 2
599 402 4 4 4 3 1
599 412 3 4 3 2 2
599 424 3 5 3 3 2
599 428 3 4 3 2 2
599 458 3 4 3 2 2
599 472 3 4 3 3 1
599 476 3 4 4 2 2
599 486 3 4 3 3 1
599 512 4 4 2 2 2
599 548 3 4 3 2 2
599 560 3 4 4 2 2
600 49 3 4 4 2 2
600 299 3 4 5 2 2
