# m n wp wm wmn w(m+n) w(m-n)
601 414 3 5 4 3 2
602 113 3 5 4 3 2
602 199 4 4 4 2 2
603 508 4 4 4 2 2
604 201 3 5 4 3 2
606 109 3 5 4 3 2
607 266 4 4 4 2 2
609 172 4 4 5 2 2
610 127 3 5 4 2 3
611 292 3 5 4 3 2
611 404 3 5 4 3 2
611 446 3 5 4 2 3
614 145 3 5 4 3 2
614 583 4 4 4 3 1
616 239 3 5 4 3 2
620 461 4 4 4 2 2
622 301 4 4 4 2 2
622 413 3 5 4 3 2
622 511 4 4 4 2 2
622 533 3 5 4 4 1
622 589 4 4 4 2 2
623 34 4 4 4 2 2
623 44 4 4 4 2 2
623 92 3 5 4 3 2
623 194 3 5 4 2 3
623 458 3 5 4 2 3
623 482 3 5 4 3 2
623 554 4 4 4 2 2
626 115 3 5 4 3 2
626 133 3 5 4 3 2
628 341 3 5 4 3 2
628 527 3 5 4 4 1
629 38 4 4 4 2 2
629 376 3 5 4 3 2
629 398 3 5 4 2 3
631 308 4 4 4 2 2
632 391 4 4 4 3 1
632 481 4 4 4 3 1
633 346 4 4 4 2 2
633 514 4 4 4 2 2
634 403 3 5 4 2 3
637 76 3 5 4 2 3
638 83 3 5 4 2 3
638 223 3 5 4 3 2
638 239 4 4 4 1 3
638 421 4 4 4 2 2
638 461 4 4 4 2 2
642 271 4 4 4 2 2
643 498 4 4 4 2 2
644 59 3 5 4 2 3
644 127 4 4 4 2 2
646 397 4 4 4 2 2
646 509 3 5 4 4 1
647 438 3 5 4 3 2
647 574 4 4 4 3 1
649 250 3 5 4 2 3
649 268 4 4 4 2 2
649 362 4 4 4 2 2
652 209 4 4 4 3 1
652 323 3 5 4 3 2
652 393 3 5 4 3 2
653 198 3 5 4 2 3
654 59 3 5 4 2 3
655 66 4 4 5 2 2
655 248 3 5 4 3 2
657 316 4 4 4 2 2
658 31 3 5 4 2 3
658 79 4 4 4 2 2
658 211 4 4 4 2 2
658 241 4 4 4 2 2
658 311 4 4 4 3 1
659 560 4 4 4 2 2
661 340 3 5 4 3 2
661 406 3 5 4 2 3
662 259 4 4 4 2 2
662 339 3 5 4 3 2
662 497 3 5 4 2 3
664 323 3 5 4 3 2
664 469 3 5 4 2 3
666 379 3 5 4 3 2
667 124 4 4 4 2 2
667 188 4 4 4 3 1
667 254 4 4 4 2 2
667 334 3 5 4 3 2
668 339 4 4 4 2 2
668 377 3 5 4 3 2
669 266 3 5 5 3 2
670 61 3 5 4 2 3
670 233 3 5 4 3 2
670 331 3 5 4 3 2
671 118 4 4 4 2 2
671 202 4 4 4 2 2
671 272 3 5 4 2 3
672 331 4 4 4 2 2
673 266 4 4 4 2 2
674 177 4 4 4 2 2
674 333 4 4 4 2 2
676 543 4 4 4 2 2
677 590 4 4 4 2 2
677 658 4 4 4 3 1
678 127 3 5 4 3 2
679 52 3 5 4 2 3
679 88 4 4 4 2 2
679 124 3 5 4 2 3
679 302 4 4 4 2 2
679 344 3 5 4 3 2
679 494 3 5 5 3 2
679 608 4 4 4 3 1
682 53 3 5 4 3 2
682 59 4 5 4 3 2
682 383 3 5 4 3 2
682 487 3 5 4 2 3
682 529 4 4 4 2 2
682 553 3 5 5 3 2
683 318 3 5 4 3 2
683 598 3 5 4 3 2
684 233 4 4 4 2 2
686 249 3 5 4 3 2
689 172 3 5 4 3 2
689 206 3 5 4 2 3
689 304 3 5 4 2 3
689 508 4 4 4 3 1
689 584 3 5 4 2 3
691 520 4 4 4 2 2
692 209 3 5 4 2 3
692 309 4 4 4 3 1
692 323 3 5 4 3 2
694 209 3 5 4 3 2
694 437 4 4 4 3 1
697 202 3 5 4 2 3
697 304 3 5 4 3 2
697 326 3 5 4 3 2
697 568 3 5 4 3 2
698 215 3 5 4 2 3
698 217 3 5 4 3 2
698 511 3 5 4 3 2
698 565 4 4 4 2 2
703 248 3 5 4 2 3
703 364 4 4 5 2 2
703 382 3 5 4 3 2
703 486 4 4 4 2 2
703 584 3 5 4 3 2
703 606 4 4 5 3 1
706 111 3 5 4 2 3
706 155 3 5 4 3 2
706 253 4 4 4 2 2
706 497 4 4 4 2 2
707 74 4 4 4 2 2
707 92 3 5 4 2 3
707 96 4 4 4 2 2
707 272 3 5 4 2 3
707 316 3 5 4 3 2
708 41 4 4 4 2 2
710 259 3 5 5 3 2
710 577 3 5 4 3 2
711 122 4 4 4 2 2
712 275 3 5 4 3 2
712 427 3 5 4 2 3
712 535 4 4 4 2 2
713 28 3 5 4 3 2
713 86 3 5 4 2 3
713 218 3 5 4 2 3
713 244 3 5 4 3 2
713 262 3 5 4 3 2
713 302 3 5 4 3 2
713 314 3 5 4 2 3
713 344 4 4 4 2 2
713 446 4 4 4 2 2
713 526 3 5 4 3 2
713 608 4 4 4 1 3
713 636 4 4 5 2 2
714 103 4 4 5 2 2
716 253 4 4 4 3 1
716 329 3 5 4 3 2
716 417 4 4 4 2 2
716 485 4 4 4 1 3
716 551 3 5 4 2 3
717 88 3 5 4 3 2
717 262 3 5 4 2 3
717 328 4 4 4 3 1
717 556 4 4 4 2 2
718 395 3 5 4 3 2
718 403 3 5 4 2 3
718 517 3 5 4 3 2
719 238 3 5 4 3 2
721 58 3 5 4 2 3
721 358 4 4 4 2 2
721 544 3 5 4 3 2
721 628 4 4 4 2 2
722 267 3 5 4 2 3
723 404 4 4 4 2 2
724 423 4 4 4 2 2
725 164 3 5 4 2 3
727 494 4 4 4 3 1
727 616 4 4 4 2 2
728 277 3 5 4 3 2
730 523 4 4 4 2 2
731 28 3 5 4 3 2
731 94 3 5 4 3 2
731 276 3 5 5 2 3
731 314 3 5 4 3 2
731 478 3 5 4 3 2
732 137 3 5 4 2 3
732 409 4 4 4 2 2
733 532 3 5 4 3 2
734 253 3 5 4 3 2
734 371 3 5 4 3 2
736 187 4 4 4 2 2
736 209 3 5 4 3 2
736 309 3 5 4 3 2
736 505 3 5 4 2 3
736 551 3 5 4 3 2
737 58 3 5 4 3 2
737 278 3 5 4 3 2
737 422 3 5 4 2 3
737 436 4 5 4 3 2
737 574 4 4 5 3 1
737 604 4 4 4 2 2
738 67 3 5 4 3 2
738 419 4 4 4 2 2
739 574 3 5 4 2 3
740 151 4 4 4 2 2
740 229 3 5 4 3 2
741 524 3 5 5 3 2
742 109 4 4 4 2 2
742 397 3 5 4 2 3
742 493 3 5 5 3 2
742 523 3 5 4 3 2
743 182 3 5 4 2 3
744 271 3 5 4 3 2
745 124 4 4 4 2 2
745 514 4 4 4 1 3
746 213 4 4 4 2 2
746 339 3 5 4 3 2
746 473 3 5 4 2 3
746 493 3 5 4 3 2
746 519 4 4 4 3 1
746 703 4 4 4 3 1
747 254 3 5 4 3 2
747 412 4 4 4 2 2
748 43 3 5 4 2 3
748 251 4 4 4 2 2
748 449 3 5 4 3 2
749 122 3 5 4 2 3
749 166 3 5 4 3 2
749 274 3 5 4 3 2
749 404 4 4 4 1 3
749 562 3 5 4 3 2
749 638 4 4 5 2 2
749 694 3 5 4 3 2
751 322 3 5 4 2 3
752 237 4 4 4 2 2
752 407 3 5 4 2 3
752 543 3 5 4 3 2
753 226 4 4 4 2 2
754 61 3 5 4 2 3
755 708 4 4 5 3 1
758 329 4 4 4 1 3
758 527 3 5 4 2 3
758 553 3 5 4 3 2
758 721 4 4 4 3 1
758 737 3 5 4 3 2
759 248 4 4 5 2 2
760 139 4 4 4 2 2
760 199 3 5 4 2 3
760 241 3 5 4 3 2
761 438 4 4 4 2 2
761 460 3 5 4 3 2
762 311 4 4 4 2 2
762 547 3 5 4 3 2
763 136 3 5 4 2 3
763 202 3 5 4 2 3
763 212 3 5 4 3 2
763 472 3 5 4 3 2
763 656 4 4 4 3 1
764 115 4 4 4 2 2
764 497 4 4 4 2 2
764 671 3 5 4 3 2
764 699 3 5 4 3 2
764 713 4 4 4 2 2
766 177 4 4 4 2 2
766 319 3 5 4 3 2
766 473 4 4 4 3 1
766 697 4 5 4 3 2
767 88 3 5 4 3 2
767 134 4 4 4 2 2
767 388 3 5 4 4 1
767 586 4 4 4 3 1
767 652 3 5 4 3 2
769 154 3 5 4 2 3
769 174 3 5 4 2 3
769 238 4 4 4 2 2
769 470 3 5 4 3 2
769 574 3 5 4 2 3
769 582 4 4 4 2 2
772 145 3 5 4 2 3
772 493 3 5 4 3 2
772 623 4 4 4 3 1
773 308 3 5 4 2 3
775 194 3 5 4 3 2
776 225 3 5 4 3 2
776 517 4 4 4 2 2
777 556 4 4 5 2 2
778 237 4 4 4 3 1
778 341 4 4 4 2 2
778 407 3 5 4 3 2
778 531 3 5 4 3 2
778 679 4 4 4 2 2
778 713 3 5 4 3 2
779 12 4 4 4 2 2
779 86 3 5 4 2 3
779 226 3 5 4 3 2
779 268 4 4 4 2 2
779 352 3 5 4 3 2
779 398 4 4 4 2 2
779 460 3 5 5 3 2
779 464 3 5 4 2 3
779 502 4 4 4 3 1
779 632 4 4 4 2 2
781 18 4 4 4 2 2
781 112 4 4 4 2 2
781 208 4 4 4 2 2
781 304 3 5 4 3 2
781 346 3 5 4 2 3
781 382 4 4 4 1 3
781 428 4 4 4 3 1
781 472 4 4 4 2 2
781 662 3 5 4 3 2
782 89 3 5 4 2 3
782 133 3 5 5 3 2
782 191 4 4 4 2 2
782 331 3 5 4 3 2
783 482 3 5 4 3 2
783 574 4 4 5 2 2
784 253 4 4 4 2 2
785 766 4 4 4 3 1
786 313 4 4 4 2 2
786 373 4 4 4 2 2
787 286 4 4 4 2 2
787 396 4 4 4 2 2
787 654 4 4 4 2 2
788 143 3 5 4 2 3
788 161 3 5 4 2 3
788 469 4 4 4 2 2
788 493 3 5 4 3 2
788 551 4 4 4 2 2
789 674 3 5 4 3 2
790 211 3 5 4 3 2
790 559 3 5 5 2 3
790 673 3 5 4 3 2
791 232 3 5 4 3 2
791 236 3 5 4 2 3
791 542 4 4 4 2 2
792 79 4 4 4 2 2
792 211 4 4 4 2 2
792 281 4 4 4 2 2
793 44 4 4 4 2 2
793 166 3 5 4 2 3
793 758 3 5 4 3 2
794 129 3 5 4 2 3
794 213 4 4 4 2 2
794 403 3 5 4 3 2
794 473 4 4 4 2 2
794 493 3 5 4 3 2
796 93 4 4 4 2 2
796 301 4 4 4 1 3
796 583 4 4 4 2 2
796 667 3 5 4 3 2
797 342 3 5 4 2 3
797 468 3 5 4 3 2
797 638 3 5 4 3 2
797 644 4 4 4 2 2
797 682 3 5 4 3 2
798 281 4 4 5 2 2
798 421 4 4 5 2 2
799 98 4 4 4 3 1
799 134 3 5 4 2 3
799 316 3 5 4 2 3
799 386 3 5 4 3 2
799 422 3 5 4 3 2
799 656 3 5 4 3 2
799 706 3 5 4 3 2
801 332 4 4 4 2 2
801 662 4 4 4 3 1
802 221 3 5 4 3 2
802 319 4 5 4 2 3
802 329 3 5 4 3 2
802 371 4 4 4 3 1
802 779 4 4 4 3 1
803 152 3 5 4 2 3
803 166 3 5 4 3 2
803 184 4 4 4 3 1
803 356 4 4 4 2 2
803 530 3 5 5 2 3
803 544 4 4 4 2 2
803 674 4 4 4 2 2
805 316 4 4 5 2 2
805 398 4 4 5 2 2
806 11 3 5 4 2 3
806 197 3 5 4 2 3
806 211 3 5 4 2 3
806 449 3 5 4 2 3
806 503 3 5 4 3 2
806 547 3 5 4 3 2
806 601 3 5 4 3 2
807 404 4 4 4 2 2
807 466 4 4 4 2 2
807 488 3 5 4 3 2
808 413 3 5 4 3 2
808 427 3 5 4 3 2
808 445 4 4 4 2 2
808 549 4 4 4 2 2
808 655 3 5 4 3 2
809 312 4 4 4 2 2
811 374 3 5 4 3 2
811 532 4 4 4 2 2
812 409 3 5 4 3 2
812 607 3 5 4 3 2
813 22 4 4 4 2 2
813 386 4 4 4 2 2
814 83 3 5 4 3 2
814 151 3 5 4 2 3
814 233 4 4 4 2 2
814 281 3 5 4 3 2
814 287 4 4 5 2 2
814 331 3 5 4 2 3
814 433 4 4 4 2 2
814 443 4 4 4 2 2
814 467 4 4 4 3 1
814 593 3 5 4 3 2
814 597 4 4 5 2 2
814 643 4 4 4 2 2
815 332 3 5 4 2 3
816 431 3 5 4 2 3
816 497 4 4 5 2 2
817 68 3 5 4 3 2
817 166 4 4 4 1 3
817 188 3 5 4 3 2
817 206 3 5 4 3 2
817 268 3 5 4 3 2
817 314 4 4 4 3 1
817 322 3 5 5 2 3
817 352 3 5 4 2 3
817 404 4 5 4 3 2
817 426 4 4 5 2 2
817 536 4 4 4 3 1
817 586 3 5 4 2 3
817 674 3 5 4 3 2
817 712 3 5 4 2 3
817 718 4 4 4 2 2
817 752 4 4 4 2 2
818 161 4 4 4 2 2
818 209 3 5 4 2 3
818 391 3 5 4 3 2
818 519 4 4 4 2 2
818 531 4 4 4 2 2
818 763 3 5 4 3 2
821 114 3 5 4 3 2
821 530 4 4 4 2 2
821 598 4 4 4 3 1
822 91 4 4 5 2 2
822 193 3 5 4 3 2
822 367 3 5 4 2 3
822 431 4 4 4 2 2
822 613 3 5 4 3 2
823 396 4 4 4 2 2
823 646 4 4 4 2 2
824 77 4 4 4 2 2
824 287 4 4 4 2 2
826 23 4 4 4 2 2
826 109 3 5 4 3 2
826 113 4 4 4 2 2
826 197 3 5 4 3 2
826 241 3 5 4 2 3
826 347 4 4 4 3 1
826 397 4 4 4 1 3
826 485 3 5 5 3 2
826 487 4 4 4 2 2
826 527 3 5 5 3 2
827 350 4 4 4 2 2
827 636 4 4 4 3 1
827 806 4 4 4 2 2
828 709 4 4 4 2 2
829 418 4 4 4 2 2
829 574 3 5 4 2 3
830 127 3 5 4 3 2
830 361 4 4 4 2 2
831 404 3 5 4 3 2
831 434 4 4 5 3 1
831 502 4 4 4 2 2
831 632 4 4 4 3 1
832 253 3 5 4 3 2
832 531 4 4 4 2 2
833 212 3 5 4 3 2
833 278 3 5 4 2 3
833 404 4 4 4 1 3
833 478 3 5 4 3 2
833 554 4 4 4 2 2
833 662 3 5 4 3 2
834 55 4 4 5 2 2
834 167 3 5 4 3 2
834 361 4 4 4 2 2
834 757 4 4 4 2 2
835 478 3 5 4 2 3
836 59 3 5 4 2 3
836 137 4 4 4 2 2
836 201 4 4 5 2 2
836 277 3 5 4 3 2
836 371 3 5 5 2 3
836 607 4 4 4 3 1
836 641 3 5 4 2 3
836 643 4 4 4 3 1
836 745 3 5 5 3 2
838 371 4 4 4 3 1
838 515 3 5 4 3 2
838 581 4 4 4 3 1
839 498 4 4 4 2 2
839 602 4 4 4 2 2
842 145 3 5 4 3 2
842 253 3 5 4 3 2
842 427 4 4 4 2 2
842 621 3 5 4 3 2
842 649 4 4 4 3 1
842 699 4 4 4 2 2
843 62 4 4 4 2 2
843 466 3 5 4 3 2
843 788 4 4 4 2 2
844 129 3 5 4 2 3
844 143 4 4 4 3 1
844 235 3 5 4 2 3
844 333 4 4 4 2 2
844 437 3 5 4 3 2
844 597 4 4 4 2 2
844 703 4 5 4 3 2
844 707 4 4 4 3 1
846 67 4 4 4 2 2
846 373 4 4 4 2 2
846 463 4 4 4 3 1
846 749 4 4 5 3 1
847 218 3 5 4 3 2
847 284 4 4 4 3 1
847 362 3 5 4 3 2
847 394 4 4 4 2 2
847 556 4 4 4 2 2
848 55 3 5 4 3 2
848 351 4 4 4 2 2
848 703 3 5 4 3 2
848 791 4 4 4 2 2
849 136 4 4 4 2 2
849 548 4 4 4 2 2
850 311 4 4 4 2 2
851 98 4 4 4 2 2
851 172 3 5 4 3 2
851 228 4 4 5 2 2
851 262 3 5 4 3 2
851 290 3 5 5 2 3
851 334 3 5 4 3 2
851 422 3 5 4 2 3
851 514 3 5 4 4 1
851 566 3 5 4 2 3
851 584 3 5 4 3 2
851 664 3 5 4 3 2
851 802 4 4 4 3 1
852 149 3 5 4 3 2
852 709 4 4 4 2 2
853 182 3 5 4 3 2
853 294 4 4 4 2 2
853 456 4 4 4 3 1
853 666 4 4 4 2 2
854 169 3 5 4 3 2
854 227 4 5 4 2 3
854 293 3 5 4 2 3
854 499 3 5 4 3 2
854 509 3 5 4 2 3
854 647 4 4 4 2 2
854 823 4 4 4 3 1
856 299 3 5 4 4 1
856 453 3 5 4 3 2
856 537 4 4 4 2 2
857 364 3 5 4 3 2
857 606 4 4 4 3 1
857 742 3 5 4 3 2
858 389 4 4 5 2 2
859 308 4 4 4 2 2
859 474 3 5 4 2 3
861 146 3 5 5 2 3
861 652 4 4 5 2 2
862 279 4 4 4 2 2
862 473 4 4 4 3 1
862 685 3 5 4 3 2
862 799 4 4 4 2 2
863 506 4 4 4 1 3
863 616 3 5 4 3 2
865 382 3 5 4 2 3
866 77 4 4 4 2 2
866 201 3 5 4 2 3
866 497 4 4 4 2 2
866 679 3 5 4 3 2
866 681 3 5 4 3 2
866 793 4 4 4 3 1
867 218 3 5 4 3 2
868 67 3 5 4 3 2
868 89 4 5 4 3 2
868 101 3 5 4 3 2
868 197 3 5 4 3 2
868 353 4 5 4 3 2
868 379 4 4 4 2 2
868 523 3 5 4 2 3
868 659 4 4 4 2 2
868 727 3 5 4 3 2
869 104 3 5 4 2 3
869 206 3 5 4 2 3
869 218 4 4 4 1 3
869 262 4 4 4 3 1
869 400 4 4 4 2 2
869 442 3 5 5 3 2
869 478 4 4 4 2 2
869 536 4 4 4 2 2
869 764 3 5 4 2 3
869 848 4 4 4 2 2
871 46 3 5 4 2 3
871 118 4 4 4 2 2
871 242 3 5 4 3 2
871 244 3 5 4 2 3
871 472 3 5 4 2 3
871 592 3 5 4 3 2
871 662 3 5 4 3 2
872 207 3 5 4 2 3
872 473 4 5 4 2 3
873 436 3 5 4 3 2
873 466 4 4 4 2 2
874 127 3 5 4 3 2
874 193 4 4 4 2 2
874 197 4 4 4 3 1
874 281 3 5 4 4 1
874 397 4 4 4 2 2
874 419 3 5 4 2 3
874 479 3 5 4 3 2
874 491 3 5 4 4 1
874 533 3 5 5 3 2
874 545 3 5 5 3 2
874 673 3 5 4 3 2
874 691 4 4 4 2 2
874 769 3 5 4 2 3
875 292 4 4 4 2 2
876 209 3 5 5 3 2
877 266 4 4 4 2 2
877 282 3 5 4 2 3
877 670 3 5 4 3 2
878 299 4 4 4 2 2
878 319 4 5 4 3 2
878 669 3 5 4 3 2
878 763 4 4 4 2 2
879 166 3 5 4 3 2
879 298 4 4 4 2 2
879 326 4 4 4 2 2
879 508 4 4 4 2 2
880 19 3 5 4 2 3
881 230 3 5 4 2 3
881 354 3 5 4 3 2
881 406 3 5 4 3 2
881 804 4 4 4 2 2
883 476 4 4 4 2 2
883 846 4 4 4 3 1
884 103 3 5 4 3 2
884 139 3 5 4 3 2
884 383 4 4 4 2 2
884 457 4 4 4 2 2
884 653 3 5 4 2 3
886 185 4 4 4 3 1
886 247 4 4 4 2 2
886 291 3 5 4 2 3
886 413 4 4 4 2 2
886 451 3 5 4 2 3
886 501 3 5 4 2 3
886 533 4 4 4 3 1
886 767 3 5 4 3 2
887 260 3 5 4 2 3
888 71 4 4 4 2 2
889 148 3 5 4 2 3
889 352 4 4 4 2 2
889 376 3 5 4 3 2
889 424 3 5 4 2 3
889 568 4 4 4 2 2
889 662 4 4 4 3 1
889 746 3 5 4 3 2
889 794 3 5 4 3 2
890 97 3 5 4 3 2
890 113 3 5 4 2 3
890 589 3 5 5 3 2
890 617 3 5 4 2 3
891 194 3 5 4 3 2
891 758 4 4 4 2 2
892 77 3 5 4 3 2
892 87 3 5 4 2 3
892 115 3 5 4 2 3
892 213 3 5 4 3 2
892 235 4 4 4 2 2
892 287 4 4 4 2 2
892 551 3 5 4 3 2
892 689 3 5 4 3 2
892 703 3 5 4 3 2
893 42 3 5 5 3 2
893 134 4 5 4 2 3
893 206 4 4 4 2 2
893 254 4 4 4 2 2
893 368 3 5 4 2 3
893 508 3 5 4 2 3
893 614 4 4 4 2 2
893 644 4 4 5 2 2
893 682 4 4 5 3 1
893 784 4 4 4 3 1
893 856 4 4 4 3 1
894 113 4 4 4 2 2
894 379 4 4 4 2 2
894 691 4 4 4 2 2
895 62 3 5 4 3 2
895 106 3 5 4 3 2
895 244 3 5 4 2 3
895 568 3 5 4 3 2
895 634 4 4 4 2 2
895 686 3 5 4 3 2
895 874 4 4 5 2 2
896 649 3 5 4 3 2
897 118 3 5 5 3 2
898 187 3 5 4 3 2
898 209 4 4 4 2 2
898 249 4 4 4 2 2
898 301 4 4 4 2 2
898 323 3 5 4 3 2
898 413 3 5 4 3 2
898 447 4 4 4 2 2
898 481 4 4 4 2 2
898 597 3 5 4 3 2
898 667 3 5 4 2 3
898 737 3 5 4 3 2
898 779 3 5 4 3 2
899 94 3 5 4 2 3
899 158 3 5 4 2 3
899 178 4 4 4 2 2
899 298 4 4 4 3 1
899 304 3 5 4 2 3
899 366 3 5 5 3 2
899 374 3 5 5 2 3
899 382 3 5 4 3 2
899 416 3 5 4 2 3
899 452 4 4 4 2 2
899 484 4 4 4 2 2
899 536 3 5 4 3 2
899 542 3 5 4 2 3
899 766 3 5 4 3 2
901 122 3 5 4 3 2
901 292 4 4 4 1 3
901 448 4 4 4 2 2
901 488 4 4 4 2 2
901 502 3 5 4 2 3
901 604 3 5 4 3 2
901 628 3 5 4 2 3
902 47 3 5 4 2 3
902 83 3 5 4 2 3
902 101 4 4 4 2 2
902 181 4 4 4 2 2
902 239 3 5 4 2 3
902 293 3 5 4 2 3
902 337 3 5 4 3 2
902 599 4 4 4 2 2
902 631 4 4 4 3 1
902 701 4 4 4 2 2
903 802 4 4 5 3 1
904 141 3 5 4 3 2
904 209 3 5 4 3 2
904 253 3 5 4 2 3
904 377 3 5 4 3 2
904 391 3 5 4 3 2
904 407 3 5 4 3 2
905 506 3 5 5 2 3
905 866 3 5 4 3 2
906 7 4 4 4 2 2
906 139 3 5 4 3 2
906 241 4 5 4 2 3
908 91 4 4 4 2 2
908 159 4 4 4 2 2
908 427 3 5 4 3 2
908 517 3 5 4 3 2
908 687 3 5 4 3 2
908 725 4 4 4 2 2
908 731 4 4 4 2 2
908 775 3 5 4 3 2
909 502 4 4 4 2 2
909 554 3 5 4 3 2
909 818 4 4 4 2 2
911 434 4 4 4 2 2
911 442 3 5 4 3 2
911 476 3 5 4 2 3
911 532 4 4 4 3 1
911 742 4 4 4 3 1
912 23 3 5 4 3 2
913 76 4 4 4 2 2
913 122 3 5 4 3 2
913 224 4 4 4 2 2
913 284 4 5 4 3 2
913 298 3 5 4 2 3
913 354 4 4 5 2 2
913 388 4 4 4 1 3
913 444 4 4 5 2 2
913 466 4 4 4 2 2
913 536 3 5 4 3 2
913 556 3 5 4 2 3
913 626 4 4 4 2 2
913 632 4 4 4 3 1
913 634 3 5 4 3 2
914 305 3 5 4 2 3
914 325 3 5 4 3 2
914 477 4 4 4 2 2
914 511 3 5 4 3 2
914 549 3 5 4 3 2
914 731 3 5 4 3 2
916 111 3 5 4 2 3
916 253 3 5 4 2 3
916 355 3 5 4 2 3
916 451 4 4 4 1 3
916 575 3 5 4 3 2
917 100 4 4 4 2 2
917 158 3 5 4 2 3
917 268 3 5 4 3 2
917 344 4 4 4 2 2
917 422 3 5 4 2 3
917 446 4 4 4 2 2
917 480 4 4 5 2 2
917 526 3 5 4 3 2
917 562 3 5 4 3 2
917 596 4 4 4 2 2
917 664 3 5 4 3 2
917 832 3 5 4 3 2
918 671 4 4 5 2 2
919 438 4 4 4 2 2
919 506 3 5 4 3 2
919 646 3 5 4 2 3
919 786 3 5 4 3 2
919 852 4 4 4 3 1
920 67 4 4 4 3 1
920 543 3 5 5 3 2
921 388 3 5 4 3 2
921 536 3 5 4 2 3
921 668 4 4 4 2 2
922 411 4 4 4 2 2
922 611 4 4 4 3 1
922 713 3 5 4 3 2
922 781 4 4 4 2 2
923 20 3 5 4 2 3
923 34 3 5 4 3 2
923 62 3 5 4 2 3
923 118 3 5 4 2 3
923 218 3 5 4 2 3
923 342 3 5 5 3 2
923 388 3 5 4 3 2
923 496 3 5 4 3 2
923 524 4 4 4 1 3
923 694 4 4 4 3 1
923 904 4 4 4 3 1
925 232 3 5 4 2 3
925 244 4 4 4 2 2
925 428 3 5 4 3 2
925 538 3 5 4 3 2
926 427 4 4 4 3 1
926 803 3 5 4 3 2
926 817 4 4 4 3 1
927 382 3 5 4 3 2
928 129 4 4 4 2 2
928 143 3 5 4 3 2
928 589 4 4 4 2 2
928 623 3 5 4 3 2
928 649 4 4 4 2 2
928 833 4 4 4 2 2
929 126 4 4 4 2 2
929 418 4 4 4 2 2
929 534 3 5 4 3 2
929 670 3 5 4 3 2
931 268 3 5 4 2 3
931 334 3 5 4 3 2
931 664 4 5 4 3 2
931 902 4 4 5 3 1
932 267 3 5 4 2 3
932 309 4 4 4 2 2
932 371 4 4 4 1 3
932 721 4 4 4 3 1
932 745 3 5 4 3 2
933 418 4 4 5 2 2
934 497 4 4 4 2 2
934 535 3 5 4 2 3
934 725 3 5 4 3 2
934 731 3 5 4 3 2
935 346 3 5 5 3 2
935 606 4 4 6 2 2
936 803 4 4 5 2 2
937 174 4 4 4 2 2
937 372 3 5 4 3 2
937 580 3 5 4 2 3
937 638 3 5 4 3 2
937 814 4 4 4 2 2
938 41 3 5 4 2 3
938 107 4 5 4 3 2
938 283 3 5 4 3 2
938 373 3 5 4 3 2
938 547 3 5 4 3 2
938 619 4 4 4 2 2
938 653 3 5 4 2 3
938 751 4 4 4 2 2
938 881 4 4 4 2 2
939 106 3 5 4 3 2
939 356 3 5 4 3 2
939 562 4 4 4 2 2
939 752 4 4 4 2 2
940 173 3 5 4 3 2
940 269 3 5 4 3 2
940 331 3 5 4 2 3
940 929 4 4 4 3 1
941 228 4 4 4 2 2
941 402 4 4 4 2 2
942 139 4 4 4 2 2
943 44 3 5 4 3 2
943 206 4 4 4 2 2
943 308 4 4 5 2 2
943 334 4 4 4 1 3
943 478 3 5 4 2 3
943 514 3 5 4 2 3
943 542 4 4 4 3 1
943 586 3 5 4 2 3
943 706 4 4 4 2 2
943 734 3 5 4 3 2
943 784 4 4 4 2 2
943 824 3 5 4 3 2
944 155 4 4 4 2 2
944 427 4 4 4 2 2
944 475 3 5 4 3 2
944 559 3 5 4 2 3
944 573 4 4 4 2 2
944 707 4 4 4 2 2
946 41 3 5 4 3 2
946 167 3 5 4 3 2
946 211 3 5 4 2 3
946 349 3 5 4 3 2
946 391 3 5 5 2 3
946 449 3 5 4 3 2
946 503 4 4 4 3 1
946 509 3 5 4 3 2
946 533 3 5 5 3 2
946 673 4 4 4 1 3
946 687 4 4 5 2 2
946 707 4 4 5 3 1
946 743 4 4 4 2 2
946 823 4 4 4 2 2
947 364 3 5 4 3 2
947 532 3 5 4 3 2
947 744 4 4 4 2 2
949 136 3 5 4 3 2
949 284 3 5 4 2 3
949 298 3 5 4 2 3
949 322 3 5 5 2 3
949 362 4 4 4 3 1
949 542 3 5 4 3 2
949 592 3 5 4 2 3
949 602 4 4 5 3 1
949 794 3 5 4 3 2
949 892 4 4 4 2 2
950 229 4 4 4 2 2
950 467 3 5 4 2 3
950 499 3 5 4 3 2
951 302 4 4 4 2 2
951 362 4 4 4 2 2
951 566 3 5 4 2 3
951 652 4 4 4 2 2
952 193 3 5 4 2 3
952 401 3 5 4 3 2
952 479 4 4 4 2 2
952 491 4 4 4 3 1
952 523 3 5 4 2 3
952 643 3 5 4 3 2
952 691 4 4 4 2 2
952 739 4 4 4 2 2
953 174 4 4 4 2 2
953 238 3 5 4 2 3
953 286 3 5 4 3 2
953 812 4 4 4 2 2
954 551 3 5 5 3 2
954 863 4 4 4 2 2
955 56 4 4 4 2 2
955 178 3 5 4 2 3
955 394 3 5 4 2 3
955 794 3 5 4 3 2
955 878 3 5 4 3 2
956 253 3 5 4 3 2
956 329 3 5 4 2 3
956 407 4 4 4 2 2
956 451 3 5 4 3 2
956 539 3 5 4 3 2
956 703 3 5 4 3 2
956 749 3 5 4 3 2
956 815 4 5 4 3 2
956 851 3 5 4 2 3
958 87 3 5 4 3 2
958 217 3 5 4 2 3
958 505 3 5 4 3 2
958 721 4 4 4 2 2
958 771 3 5 4 3 2
958 799 4 4 4 2 2
959 62 4 4 4 1 3
959 146 3 5 4 3 2
959 262 3 5 4 3 2
959 314 4 5 4 2 3
959 466 3 5 4 3 2
959 614 3 5 4 2 3
959 674 3 5 4 2 3
959 752 4 4 4 2 2
959 758 4 4 4 2 2
959 922 4 4 4 3 1
961 532 4 4 4 1 3
961 590 3 5 4 3 2
961 616 3 5 4 2 3
961 638 3 5 4 3 2
962 27 3 5 4 2 3
962 227 3 5 4 2 3
962 311 3 5 4 2 3
962 379 4 4 4 2 2
962 401 3 5 4 2 3
962 571 3 5 4 3 2
962 929 4 4 4 2 2
963 164 4 4 4 2 2
963 346 4 4 4 3 1
964 247 4 4 4 2 2
964 471 3 5 4 3 2
964 583 3 5 4 3 2
964 763 4 4 4 2 2
964 779 3 5 4 3 2
964 803 4 5 4 3 2
965 426 4 4 5 2 2
965 778 3 5 4 3 2
965 832 4 4 4 2 2
966 383 4 4 5 2 2
967 230 3 5 4 3 2
967 252 3 5 4 2 3
967 610 3 5 4 2 3
967 638 3 5 4 3 2
968 217 4 4 4 3 1
968 303 3 5 4 2 3
968 667 3 5 4 3 2
968 799 4 4 4 3 1
969 178 4 4 5 2 2
969 472 4 4 5 2 2
969 802 4 4 5 3 1
970 53 3 5 4 3 2
970 493 3 5 5 3 2
970 571 3 5 4 2 3
970 859 4 4 4 2 2
971 110 4 5 4 2 3
971 168 4 4 4 2 2
971 238 4 4 4 3 1
971 498 4 4 4 2 2
971 644 3 5 4 3 2
971 740 3 5 4 2 3
972 301 4 4 4 2 2
973 94 4 4 4 2 2
973 236 3 5 4 3 2
973 424 4 4 4 2 2
973 446 3 5 4 3 2
973 562 4 4 4 2 2
973 608 3 5 4 3 2
973 764 4 4 4 2 2
973 794 4 4 4 3 1
973 796 4 4 4 2 2
974 203 4 4 4 2 2
974 259 3 5 4 2 3
974 335 3 5 4 3 2
974 377 4 4 4 2 2
974 437 4 4 4 2 2
974 869 3 5 4 2 3
976 91 3 5 4 2 3
976 437 4 4 4 2 2
976 605 3 5 4 3 2
976 703 3 5 4 2 3
976 707 4 4 4 3 1
976 767 3 5 4 3 2
977 374 4 4 4 2 2
977 682 3 5 4 3 2
977 816 4 4 4 2 2
977 920 4 4 4 2 2
978 89 4 4 4 2 2
978 791 4 4 5 2 2
979 28 4 4 4 2 2
979 94 3 5 4 2 3
979 142 4 4 4 2 2
979 266 3 5 5 3 2
979 332 4 4 4 3 1
979 334 3 5 4 2 3
979 358 4 4 4 2 2
979 370 3 5 5 2 3
979 384 3 5 4 2 3
979 496 3 5 4 2 3
979 538 4 4 4 2 2
979 568 3 5 4 3 2
979 652 4 4 4 2 2
979 656 3 5 4 3 2
979 664 3 5 4 2 3
979 838 4 4 4 2 2
981 178 4 4 4 2 2
981 314 3 5 4 3 2
981 524 4 4 4 3 1
981 848 4 4 4 2 2
982 33 3 5 4 3 2
982 329 4 4 4 3 1
982 371 3 5 4 3 2
982 583 3 5 4 2 3
982 679 4 4 4 2 2
982 747 3 5 4 3 2
982 803 3 5 4 4 1
982 851 4 4 4 3 1
983 532 3 5 4 3 2
984 53 4 4 4 2 2
984 281 3 5 4 3 2
985 236 3 5 4 3 2
985 434 3 5 5 3 2
985 548 3 5 4 3 2
985 782 3 5 5 3 2
986 59 3 5 4 3 2
986 181 3 5 4 2 3
986 211 3 5 4 3 2
986 223 3 5 4 3 2
986 271 3 5 4 2 3
986 433 3 5 4 3 2
986 587 3 5 4 2 3
986 601 3 5 4 2 3
986 781 3 5 5 3 2
988 119 4 4 5 2 2
988 251 4 5 4 3 2
988 321 3 5 5 3 2
988 469 4 4 5 2 2
988 491 3 5 4 3 2
988 517 3 5 5 3 2
988 553 3 5 5 2 3
988 661 4 4 4 2 2
988 671 4 4 5 3 1
989 14 3 5 4 2 3
989 56 3 5 4 3 2
989 96 3 5 4 3 2
989 194 3 5 4 2 3
989 208 3 5 4 3 2
989 254 3 5 4 2 3
989 268 4 4 4 2 2
989 284 3 5 4 2 3
989 326 3 5 4 2 3
989 362 3 5 4 2 3
989 406 3 5 5 3 2
989 428 3 5 4 2 3
989 488 4 4 4 2 2
989 496 3 5 4 3 2
989 562 3 5 4 3 2
989 772 4 4 4 2 2
989 824 3 5 4 2 3
989 838 4 4 4 3 1
989 892 4 4 4 3 1
989 898 3 5 4 3 2
989 902 4 4 5 2 2
989 964 4 4 4 3 1
991 186 3 5 4 2 3
991 738 3 5 4 3 2
991 760 3 5 4 2 3
991 836 3 5 4 3 2
992 215 3 5 4 2 3
992 299 4 4 4 1 3
992 537 3 5 4 2 3
992 789 4 4 4 2 2
992 851 4 4 4 2 2
992 893 3 5 4 3 2
993 92 3 5 4 3 2
993 142 4 4 4 2 2
993 272 3 5 4 3 2
993 482 4 4 4 2 2
993 554 4 4 4 3 1
993 776 4 4 4 2 2
993 778 3 5 4 3 2
994 43 4 4 4 2 2
994 227 3 5 4 3 2
994 253 3 5 5 2 3
994 443 4 4 4 2 2
994 659 3 5 4 3 2
994 733 4 4 4 2 2
994 773 3 5 4 3 2
995 468 3 5 5 3 2
995 542 4 4 4 2 2
996 313 4 4 4 3 1
996 499 3 5 4 3 2
996 677 4 4 4 2 2
997 602 3 5 4 3 2
998 221 3 5 4 2 3
998 249 4 4 4 2 2
998 301 4 4 4 2 2
998 413 3 5 4 2 3
998 679 3 5 4 3 2
998 697 3 5 4 3 2
998 713 3 5 4 2 3
998 731 3 5 4 3 2
998 899 4 4 4 2 2
998 913 3 5 4 3 2
998 921 4 4 4 2 2
998 949 4 4 4 3 1
999 548 3 5 4 3 2
999 562 5 4 4 2 2
1000 209 3 5 4 3 2
